1 1001
1003 2
2 1004
1006 3
3 1007
1 1009
4 1010
1012 5
5 1013
1015 6
6 1016
4 1018
7 1019
1021 8
8 1022
1024 9
9 1025
7 1027
10 1028
1030 11
11 1031
1033 12
12 1034
10 1036
13 1037
1039 14
14 1040
1042 15
15 1043
13 1045
16 1046
1048 17
17 1049
1051 18
18 1052
16 1054
19 1055
1057 20
20 1058
1060 21
21 1061
19 1063
22 1064
1066 23
23 1067
1069 24
24 1070
22 1072
25 1073
1075 26
26 1076
1078 27
27 1079
25 1081
28 1082
1084 29
29 1085
1087 30
30 1088
28 1090
31 1091
1093 32
32 1094
1096 33
33 1097
31 1099
34 1100
1102 35
35 1103
1105 36
36 1106
34 1108
37 1109
1111 38
38 1112
1114 39
39 1115
37 1117
40 1118
1120 41
41 1121
1123 42
42 1124
40 1126
43 1127
1129 44
44 1130
1132 45
45 1133
43 1135
46 1136
1138 47
47 1139
1141 48
48 1142
46 1144
49 1145
1147 50
50 1148
1150 51
51 1151
49 1153
52 1154
1156 53
53 1157
1159 54
54 1160
52 1162
55 1163
1165 56
56 1166
1168 57
57 1169
55 1171
58 1172
1174 59
59 1175
1177 60
60 1178
58 1180
61 1181
1183 62
62 1184
1186 63
63 1187
61 1189
64 1190
1192 65
65 1193
1195 66
66 1196
64 1198
67 1199
1201 68
68 1202
1204 69
69 1205
67 1207
70 1208
1210 71
71 1211
1213 72
72 1214
70 1216
73 1217
1219 74
74 1220
1222 75
75 1223
73 1225
76 1226
1228 77
77 1229
1231 78
78 1232
76 1234
79 1235
1237 80
80 1238
1240 81
81 1241
79 1243
82 1244
1246 83
83 1247
1249 84
84 1250
82 1252
85 1253
1255 86
86 1256
1258 87
87 1259
85 1261
88 1262
1264 89
89 1265
1267 90
90 1268
88 1270
91 1271
1273 92
92 1274
1276 93
93 1277
91 1279
94 1280
1282 95
95 1283
1285 96
96 1286
94 1288
97 1289
1291 98
98 1292
1294 99
99 1295
97 1297
100 1298
1300 101
101 1301
1303 102
102 1304
100 1306
103 1307
1309 104
104 1310
1312 105
105 1313
103 1315
106 1316
1318 107
107 1319
1321 108
108 1322
106 1324
109 1325
1327 110
110 1328
1330 111
111 1331
109 1333
112 1334
1336 113
113 1337
1339 114
114 1340
112 1342
115 1343
1345 116
116 1346
1348 117
117 1349
115 1351
118 1352
1354 119
119 1355
1357 120
120 1358
118 1360
121 1361
1363 122
122 1364
1366 123
123 1367
121 1369
124 1370
1372 125
125 1373
1375 126
126 1376
124 1378
127 1379
1381 128
128 1382
1384 129
129 1385
127 1387
130 1388
1390 131
131 1391
1393 132
132 1394
130 1396
133 1397
1399 134
134 1400
1402 135
135 1403
133 1405
136 1406
1408 137
137 1409
1411 138
138 1412
136 1414
139 1415
1417 140
140 1418
1420 141
141 1421
139 1423
142 1424
1426 143
143 1427
1429 144
144 1430
142 1432
145 1433
1435 146
146 1436
1438 147
147 1439
145 1441
148 1442
1444 149
149 1445
1447 150
150 1448
148 1450
151 1451
1453 152
152 1454
1456 153
153 1457
151 1459
154 1460
1462 155
155 1463
1465 156
156 1466
154 1468
157 1469
1471 158
158 1472
1474 159
159 1475
157 1477
160 1478
1480 161
161 1481
1483 162
162 1484
160 1486
163 1487
1489 164
164 1490
1492 165
165 1493
163 1495
166 1496
1498 167
167 1499
1501 168
168 1502
166 1504
169 1505
1507 170
170 1508
1510 171
171 1511
169 1513
172 1514
1516 173
173 1517
1519 174
174 1520
172 1522
175 1523
1525 176
176 1526
1528 177
177 1529
175 1531
178 1532
1534 179
179 1535
1537 180
180 1538
178 1540
181 1541
1543 182
182 1544
1546 183
183 1547
181 1549
184 1550
1552 185
185 1553
1555 186
186 1556
184 1558
187 1559
1561 188
188 1562
1564 189
189 1565
187 1567
190 1568
1570 191
191 1571
1573 192
192 1574
190 1576
193 1577
1579 194
194 1580
1582 195
195 1583
193 1585
196 1586
1588 197
197 1589
1591 198
198 1592
196 1594
199 1595
1597 200
200 1598
1600 201
201 1601
199 1603
202 1604
1606 203
203 1607
1609 204
204 1610
202 1612
205 1613
1615 206
206 1616
1618 207
207 1619
205 1621
208 1622
1624 209
209 1625
1627 210
210 1628
208 1630
211 1631
1633 212
212 1634
1636 213
213 1637
211 1639
214 1640
1642 215
215 1643
1645 216
216 1646
214 1648
217 1649
1651 218
218 1652
1654 219
219 1655
217 1657
220 1658
1660 221
221 1661
1663 222
222 1664
220 1666
223 1667
1669 224
224 1670
1672 225
225 1673
223 1675
226 1676
1678 227
227 1679
1681 228
228 1682
226 1684
229 1685
1687 230
230 1688
1690 231
231 1691
229 1693
232 1694
1696 233
233 1697
1699 234
234 1700
232 1702
235 1703
1705 236
236 1706
1708 237
237 1709
235 1711
238 1712
1714 239
239 1715
1717 240
240 1718
238 1720
241 1721
1723 242
242 1724
1726 243
243 1727
241 1729
244 1730
1732 245
245 1733
1735 246
246 1736
244 1738
247 1739
1741 248
248 1742
1744 249
249 1745
247 1747
250 1748
1750 251
251 1751
1753 252
252 1754
250 1756
253 1757
1759 254
254 1760
1762 255
255 1763
253 1765
256 1766
1768 257
257 1769
1771 258
258 1772
256 1774
259 1775
1777 260
260 1778
1780 261
261 1781
259 1783
262 1784
1786 263
263 1787
1789 264
264 1790
262 1792
265 1793
1795 266
266 1796
1798 267
267 1799
265 1801
268 1802
1804 269
269 1805
1807 270
270 1808
268 1810
271 1811
1813 272
272 1814
1816 273
273 1817
271 1819
274 1820
1822 275
275 1823
1825 276
276 1826
274 1828
277 1829
1831 278
278 1832
1834 279
279 1835
277 1837
280 1838
1840 281
281 1841
1843 282
282 1844
280 1846
283 1847
1849 284
284 1850
1852 285
285 1853
283 1855
286 1856
1858 287
287 1859
1861 288
288 1862
286 1864
289 1865
1867 290
290 1868
1870 291
291 1871
289 1873
292 1874
1876 293
293 1877
1879 294
294 1880
292 1882
295 1883
1885 296
296 1886
1888 297
297 1889
295 1891
298 1892
1894 299
299 1895
1897 300
300 1898
298 1900
301 1901
1903 302
302 1904
1906 303
303 1907
301 1909
304 1910
1912 305
305 1913
1915 306
306 1916
304 1918
307 1919
1921 308
308 1922
1924 309
309 1925
307 1927
310 1928
1930 311
311 1931
1933 312
312 1934
310 1936
313 1937
1939 314
314 1940
1942 315
315 1943
313 1945
316 1946
1948 317
317 1949
1951 318
318 1952
316 1954
319 1955
1957 320
320 1958
1960 321
321 1961
319 1963
322 1964
1966 323
323 1967
1969 324
324 1970
322 1972
325 1973
1975 326
326 1976
1978 327
327 1979
325 1981
328 1982
1984 329
329 1985
1987 330
330 1988
328 1990
331 1991
1993 332
332 1994
1996 333
333 1997
331 1999
334 2000
2002 335
335 2003
2005 336
336 2006
334 2008
337 2009
2011 338
338 2012
2014 339
339 2015
337 2017
340 2018
2020 341
341 2021
2023 342
342 2024
340 2026
343 2027
2029 344
344 2030
2032 345
345 2033
343 2035
346 2036
2038 347
347 2039
2041 348
348 2042
346 2044
349 2045
2047 350
350 2048
2050 351
351 2051
349 2053
352 2054
2056 353
353 2057
2059 354
354 2060
352 2062
355 2063
2065 356
356 2066
2068 357
357 2069
355 2071
358 2072
2074 359
359 2075
2077 360
360 2078
358 2080
361 2081
2083 362
362 2084
2086 363
363 2087
361 2089
364 2090
2092 365
365 2093
2095 366
366 2096
364 2098
367 2099
2101 368
368 2102
2104 369
369 2105
367 2107
370 2108
2110 371
371 2111
2113 372
372 2114
370 2116
373 2117
2119 374
374 2120
2122 375
375 2123
373 2125
376 2126
2128 377
377 2129
2131 378
378 2132
376 2134
379 2135
2137 380
380 2138
2140 381
381 2141
379 2143
382 2144
2146 383
383 2147
2149 384
384 2150
382 2152
385 2153
2155 386
386 2156
2158 387
387 2159
385 2161
388 2162
2164 389
389 2165
2167 390
390 2168
388 2170
391 2171
2173 392
392 2174
2176 393
393 2177
391 2179
394 2180
2182 395
395 2183
2185 396
396 2186
394 2188
397 2189
2191 398
398 2192
2194 399
399 2195
397 2197
400 2198
2200 401
401 2201
2203 402
402 2204
400 2206
403 2207
2209 404
404 2210
2212 405
405 2213
403 2215
406 2216
2218 407
407 2219
2221 408
408 2222
406 2224
409 2225
2227 410
410 2228
2230 411
411 2231
409 2233
412 2234
2236 413
413 2237
2239 414
414 2240
412 2242
415 2243
2245 416
416 2246
2248 417
417 2249
415 2251
418 2252
2254 419
419 2255
2257 420
420 2258
418 2260
421 2261
2263 422
422 2264
2266 423
423 2267
421 2269
424 2270
2272 425
425 2273
2275 426
426 2276
424 2278
427 2279
2281 428
428 2282
2284 429
429 2285
427 2287
430 2288
2290 431
431 2291
2293 432
432 2294
430 2296
433 2297
2299 434
434 2300
2302 435
435 2303
433 2305
436 2306
2308 437
437 2309
2311 438
438 2312
436 2314
439 2315
2317 440
440 2318
2320 441
441 2321
439 2323
442 2324
2326 443
443 2327
2329 444
444 2330
442 2332
445 2333
2335 446
446 2336
2338 447
447 2339
445 2341
448 2342
2344 449
449 2345
2347 450
450 2348
448 2350
451 2351
2353 452
452 2354
2356 453
453 2357
451 2359
454 2360
2362 455
455 2363
2365 456
456 2366
454 2368
457 2369
2371 458
458 2372
2374 459
459 2375
457 2377
460 2378
2380 461
461 2381
2383 462
462 2384
460 2386
463 2387
2389 464
464 2390
2392 465
465 2393
463 2395
466 2396
2398 467
467 2399
2401 468
468 2402
466 2404
469 2405
2407 470
470 2408
2410 471
471 2411
469 2413
472 2414
2416 473
473 2417
2419 474
474 2420
472 2422
475 2423
2425 476
476 2426
2428 477
477 2429
475 2431
478 2432
2434 479
479 2435
2437 480
480 2438
478 2440
481 2441
2443 482
482 2444
2446 483
483 2447
481 2449
484 2450
2452 485
485 2453
2455 486
486 2456
484 2458
487 2459
2461 488
488 2462
2464 489
489 2465
487 2467
490 2468
2470 491
491 2471
2473 492
492 2474
490 2476
493 2477
2479 494
494 2480
2482 495
495 2483
493 2485
496 2486
2488 497
497 2489
2491 498
498 2492
496 2494
499 2495
2497 500
500 2498
2500 501
501 2501
499 2503
502 2504
2506 503
503 2507
2509 504
504 2510
502 2512
505 2513
2515 506
506 2516
2518 507
507 2519
505 2521
508 2522
2524 509
509 2525
2527 510
510 2528
508 2530
511 2531
2533 512
512 2534
2536 513
513 2537
511 2539
514 2540
2542 515
515 2543
2545 516
516 2546
514 2548
517 2549
2551 518
518 2552
2554 519
519 2555
517 2557
520 2558
2560 521
521 2561
2563 522
522 2564
520 2566
523 2567
2569 524
524 2570
2572 525
525 2573
523 2575
526 2576
2578 527
527 2579
2581 528
528 2582
526 2584
529 2585
2587 530
530 2588
2590 531
531 2591
529 2593
532 2594
2596 533
533 2597
2599 534
534 2600
532 2602
535 2603
2605 536
536 2606
2608 537
537 2609
535 2611
538 2612
2614 539
539 2615
2617 540
540 2618
538 2620
541 2621
2623 542
542 2624
2626 543
543 2627
541 2629
544 2630
2632 545
545 2633
2635 546
546 2636
544 2638
547 2639
2641 548
548 2642
2644 549
549 2645
547 2647
550 2648
2650 551
551 2651
2653 552
552 2654
550 2656
553 2657
2659 554
554 2660
2662 555
555 2663
553 2665
556 2666
2668 557
557 2669
2671 558
558 2672
556 2674
559 2675
2677 560
560 2678
2680 561
561 2681
559 2683
562 2684
2686 563
563 2687
2689 564
564 2690
562 2692
565 2693
2695 566
566 2696
2698 567
567 2699
565 2701
568 2702
2704 569
569 2705
2707 570
570 2708
568 2710
571 2711
2713 572
572 2714
2716 573
573 2717
571 2719
574 2720
2722 575
575 2723
2725 576
576 2726
574 2728
577 2729
2731 578
578 2732
2734 579
579 2735
577 2737
580 2738
2740 581
581 2741
2743 582
582 2744
580 2746
583 2747
2749 584
584 2750
2752 585
585 2753
583 2755
586 2756
2758 587
587 2759
2761 588
588 2762
586 2764
589 2765
2767 590
590 2768
2770 591
591 2771
589 2773
592 2774
2776 593
593 2777
2779 594
594 2780
592 2782
595 2783
2785 596
596 2786
2788 597
597 2789
595 2791
598 2792
2794 599
599 2795
2797 600
600 2798
598 2800
601 2801
2803 602
602 2804
2806 603
603 2807
601 2809
604 2810
2812 605
605 2813
2815 606
606 2816
604 2818
607 2819
2821 608
608 2822
2824 609
609 2825
607 2827
610 2828
2830 611
611 2831
2833 612
612 2834
610 2836
613 2837
2839 614
614 2840
2842 615
615 2843
613 2845
616 2846
2848 617
617 2849
2851 618
618 2852
616 2854
619 2855
2857 620
620 2858
2860 621
621 2861
619 2863
622 2864
2866 623
623 2867
2869 624
624 2870
622 2872
625 2873
2875 626
626 2876
2878 627
627 2879
625 2881
628 2882
2884 629
629 2885
2887 630
630 2888
628 2890
631 2891
2893 632
632 2894
2896 633
633 2897
631 2899
634 2900
2902 635
635 2903
2905 636
636 2906
634 2908
637 2909
2911 638
638 2912
2914 639
639 2915
637 2917
640 2918
2920 641
641 2921
2923 642
642 2924
640 2926
643 2927
2929 644
644 2930
2932 645
645 2933
643 2935
646 2936
2938 647
647 2939
2941 648
648 2942
646 2944
649 2945
2947 650
650 2948
2950 651
651 2951
649 2953
652 2954
2956 653
653 2957
2959 654
654 2960
652 2962
655 2963
2965 656
656 2966
2968 657
657 2969
655 2971
658 2972
2974 659
659 2975
2977 660
660 2978
658 2980
661 2981
2983 662
662 2984
2986 663
663 2987
661 2989
664 2990
2992 665
665 2993
2995 666
666 2996
664 2998
667 2999
3001 668
668 3002
3004 669
669 3005
667 3007
670 3008
3010 671
671 3011
3013 672
672 3014
670 3016
673 3017
3019 674
674 3020
3022 675
675 3023
673 3025
676 3026
3028 677
677 3029
3031 678
678 3032
676 3034
679 3035
3037 680
680 3038
3040 681
681 3041
679 3043
682 3044
3046 683
683 3047
3049 684
684 3050
682 3052
685 3053
3055 686
686 3056
3058 687
687 3059
685 3061
688 3062
3064 689
689 3065
3067 690
690 3068
688 3070
691 3071
3073 692
692 3074
3076 693
693 3077
691 3079
694 3080
3082 695
695 3083
3085 696
696 3086
694 3088
697 3089
3091 698
698 3092
3094 699
699 3095
697 3097
700 3098
3100 701
701 3101
3103 702
702 3104
700 3106
703 3107
3109 704
704 3110
3112 705
705 3113
703 3115
706 3116
3118 707
707 3119
3121 708
708 3122
706 3124
709 3125
3127 710
710 3128
3130 711
711 3131
709 3133
712 3134
3136 713
713 3137
3139 714
714 3140
712 3142
715 3143
3145 716
716 3146
3148 717
717 3149
715 3151
718 3152
3154 719
719 3155
3157 720
720 3158
718 3160
721 3161
3163 722
722 3164
3166 723
723 3167
721 3169
724 3170
3172 725
725 3173
3175 726
726 3176
724 3178
727 3179
3181 728
728 3182
3184 729
729 3185
727 3187
730 3188
3190 731
731 3191
3193 732
732 3194
730 3196
733 3197
3199 734
734 3200
3202 735
735 3203
733 3205
736 3206
3208 737
737 3209
3211 738
738 3212
736 3214
739 3215
3217 740
740 3218
3220 741
741 3221
739 3223
742 3224
3226 743
743 3227
3229 744
744 3230
742 3232
745 3233
3235 746
746 3236
3238 747
747 3239
745 3241
748 3242
3244 749
749 3245
3247 750
750 3248
748 3250
751 3251
3253 752
752 3254
3256 753
753 3257
751 3259
754 3260
3262 755
755 3263
3265 756
756 3266
754 3268
757 3269
3271 758
758 3272
3274 759
759 3275
757 3277
760 3278
3280 761
761 3281
3283 762
762 3284
760 3286
763 3287
3289 764
764 3290
3292 765
765 3293
763 3295
766 3296
3298 767
767 3299
3301 768
768 3302
766 3304
769 3305
3307 770
770 3308
3310 771
771 3311
769 3313
772 3314
3316 773
773 3317
3319 774
774 3320
772 3322
775 3323
3325 776
776 3326
3328 777
777 3329
775 3331
778 3332
3334 779
779 3335
3337 780
780 3338
778 3340
781 3341
3343 782
782 3344
3346 783
783 3347
781 3349
784 3350
3352 785
785 3353
3355 786
786 3356
784 3358
787 3359
3361 788
788 3362
3364 789
789 3365
787 3367
790 3368
3370 791
791 3371
3373 792
792 3374
790 3376
793 3377
3379 794
794 3380
3382 795
795 3383
793 3385
796 3386
3388 797
797 3389
3391 798
798 3392
796 3394
799 3395
3397 800
800 3398
3400 801
801 3401
799 3403
802 3404
3406 803
803 3407
3409 804
804 3410
802 3412
805 3413
3415 806
806 3416
3418 807
807 3419
805 3421
808 3422
3424 809
809 3425
3427 810
810 3428
808 3430
811 3431
3433 812
812 3434
3436 813
813 3437
811 3439
814 3440
3442 815
815 3443
3445 816
816 3446
814 3448
817 3449
3451 818
818 3452
3454 819
819 3455
817 3457
820 3458
3460 821
821 3461
3463 822
822 3464
820 3466
823 3467
3469 824
824 3470
3472 825
825 3473
823 3475
826 3476
3478 827
827 3479
3481 828
828 3482
826 3484
829 3485
3487 830
830 3488
3490 831
831 3491
829 3493
832 3494
3496 833
833 3497
3499 834
834 3500
832 3502
835 3503
3505 836
836 3506
3508 837
837 3509
835 3511
838 3512
3514 839
839 3515
3517 840
840 3518
838 3520
841 3521
3523 842
842 3524
3526 843
843 3527
841 3529
844 3530
3532 845
845 3533
3535 846
846 3536
844 3538
847 3539
3541 848
848 3542
3544 849
849 3545
847 3547
850 3548
3550 851
851 3551
3553 852
852 3554
850 3556
853 3557
3559 854
854 3560
3562 855
855 3563
853 3565
856 3566
3568 857
857 3569
3571 858
858 3572
856 3574
859 3575
3577 860
860 3578
3580 861
861 3581
859 3583
862 3584
3586 863
863 3587
3589 864
864 3590
862 3592
865 3593
3595 866
866 3596
3598 867
867 3599
865 3601
868 3602
3604 869
869 3605
3607 870
870 3608
868 3610
871 3611
3613 872
872 3614
3616 873
873 3617
871 3619
874 3620
3622 875
875 3623
3625 876
876 3626
874 3628
877 3629
3631 878
878 3632
3634 879
879 3635
877 3637
880 3638
3640 881
881 3641
3643 882
882 3644
880 3646
883 3647
3649 884
884 3650
3652 885
885 3653
883 3655
886 3656
3658 887
887 3659
3661 888
888 3662
886 3664
889 3665
3667 890
890 3668
3670 891
891 3671
889 3673
892 3674
3676 893
893 3677
3679 894
894 3680
892 3682
895 3683
3685 896
896 3686
3688 897
897 3689
895 3691
898 3692
3694 899
899 3695
3697 900
900 3698
898 3700
901 3701
3703 902
902 3704
3706 903
903 3707
901 3709
904 3710
3712 905
905 3713
3715 906
906 3716
904 3718
907 3719
3721 908
908 3722
3724 909
909 3725
907 3727
910 3728
3730 911
911 3731
3733 912
912 3734
910 3736
913 3737
3739 914
914 3740
3742 915
915 3743
913 3745
916 3746
3748 917
917 3749
3751 918
918 3752
916 3754
919 3755
3757 920
920 3758
3760 921
921 3761
919 3763
922 3764
3766 923
923 3767
3769 924
924 3770
922 3772
925 3773
3775 926
926 3776
3778 927
927 3779
925 3781
928 3782
3784 929
929 3785
3787 930
930 3788
928 3790
931 3791
3793 932
932 3794
3796 933
933 3797
931 3799
934 3800
3802 935
935 3803
3805 936
936 3806
934 3808
937 3809
3811 938
938 3812
3814 939
939 3815
937 3817
940 3818
3820 941
941 3821
3823 942
942 3824
940 3826
943 3827
3829 944
944 3830
3832 945
945 3833
943 3835
946 3836
3838 947
947 3839
3841 948
948 3842
946 3844
949 3845
3847 950
950 3848
3850 951
951 3851
949 3853
952 3854
3856 953
953 3857
3859 954
954 3860
952 3862
955 3863
3865 956
956 3866
3868 957
957 3869
955 3871
958 3872
3874 959
959 3875
3877 960
960 3878
958 3880
961 3881
3883 962
962 3884
3886 963
963 3887
961 3889
964 3890
3892 965
965 3893
3895 966
966 3896
964 3898
967 3899
3901 968
968 3902
3904 969
969 3905
967 3907
970 3908
3910 971
971 3911
3913 972
972 3914
970 3916
973 3917
3919 974
974 3920
3922 975
975 3923
973 3925
976 3926
3928 977
977 3929
3931 978
978 3932
976 3934
979 3935
3937 980
980 3938
3940 981
981 3941
979 3943
982 3944
3946 983
983 3947
3949 984
984 3950
982 3952
985 3953
3955 986
986 3956
3958 987
987 3959
985 3961
988 3962
3964 989
989 3965
3967 990
990 3968
988 3970
991 3971
3973 992
992 3974
3976 993
993 3977
991 3979
994 3980
3982 995
995 3983
3985 996
996 3986
994 3988
997 3989
3991 998
998 3992
3994 999
999 3995
997 3997
