1001 1002
1001 1003
1002 1003
1004 1005
1004 1006
1005 1006
1007 1008
1007 1009
1008 1009
1010 1011
1010 1012
1011 1012
1013 1014
1013 1015
1014 1015
1016 1017
1016 1018
1017 1018
1019 1020
1019 1021
1020 1021
1022 1023
1022 1024
1023 1024
1025 1026
1025 1027
1026 1027
1028 1029
1028 1030
1029 1030
1031 1032
1031 1033
1032 1033
1034 1035
1034 1036
1035 1036
1037 1038
1037 1039
1038 1039
1040 1041
1040 1042
1041 1042
1043 1044
1043 1045
1044 1045
1046 1047
1046 1048
1047 1048
1049 1050
1049 1051
1050 1051
1052 1053
1052 1054
1053 1054
1055 1056
1055 1057
1056 1057
1058 1059
1058 1060
1059 1060
1061 1062
1061 1063
1062 1063
1064 1065
1064 1066
1065 1066
1067 1068
1067 1069
1068 1069
1070 1071
1070 1072
1071 1072
1073 1074
1073 1075
1074 1075
1076 1077
1076 1078
1077 1078
1079 1080
1079 1081
1080 1081
1082 1083
1082 1084
1083 1084
1085 1086
1085 1087
1086 1087
1088 1089
1088 1090
1089 1090
1091 1092
1091 1093
1092 1093
1094 1095
1094 1096
1095 1096
1097 1098
1097 1099
1098 1099
1100 1101
1100 1102
1101 1102
1103 1104
1103 1105
1104 1105
1106 1107
1106 1108
1107 1108
1109 1110
1109 1111
1110 1111
1112 1113
1112 1114
1113 1114
1115 1116
1115 1117
1116 1117
1118 1119
1118 1120
1119 1120
1121 1122
1121 1123
1122 1123
1124 1125
1124 1126
1125 1126
1127 1128
1127 1129
1128 1129
1130 1131
1130 1132
1131 1132
1133 1134
1133 1135
1134 1135
1136 1137
1136 1138
1137 1138
1139 1140
1139 1141
1140 1141
1142 1143
1142 1144
1143 1144
1145 1146
1145 1147
1146 1147
1148 1149
1148 1150
1149 1150
1151 1152
1151 1153
1152 1153
1154 1155
1154 1156
1155 1156
1157 1158
1157 1159
1158 1159
1160 1161
1160 1162
1161 1162
1163 1164
1163 1165
1164 1165
1166 1167
1166 1168
1167 1168
1169 1170
1169 1171
1170 1171
1172 1173
1172 1174
1173 1174
1175 1176
1175 1177
1176 1177
1178 1179
1178 1180
1179 1180
1181 1182
1181 1183
1182 1183
1184 1185
1184 1186
1185 1186
1187 1188
1187 1189
1188 1189
1190 1191
1190 1192
1191 1192
1193 1194
1193 1195
1194 1195
1196 1197
1196 1198
1197 1198
1199 1200
1199 1201
1200 1201
1202 1203
1202 1204
1203 1204
1205 1206
1205 1207
1206 1207
1208 1209
1208 1210
1209 1210
1211 1212
1211 1213
1212 1213
1214 1215
1214 1216
1215 1216
1217 1218
1217 1219
1218 1219
1220 1221
1220 1222
1221 1222
1223 1224
1223 1225
1224 1225
1226 1227
1226 1228
1227 1228
1229 1230
1229 1231
1230 1231
1232 1233
1232 1234
1233 1234
1235 1236
1235 1237
1236 1237
1238 1239
1238 1240
1239 1240
1241 1242
1241 1243
1242 1243
1244 1245
1244 1246
1245 1246
1247 1248
1247 1249
1248 1249
1250 1251
1250 1252
1251 1252
1253 1254
1253 1255
1254 1255
1256 1257
1256 1258
1257 1258
1259 1260
1259 1261
1260 1261
1262 1263
1262 1264
1263 1264
1265 1266
1265 1267
1266 1267
1268 1269
1268 1270
1269 1270
1271 1272
1271 1273
1272 1273
1274 1275
1274 1276
1275 1276
1277 1278
1277 1279
1278 1279
1280 1281
1280 1282
1281 1282
1283 1284
1283 1285
1284 1285
1286 1287
1286 1288
1287 1288
1289 1290
1289 1291
1290 1291
1292 1293
1292 1294
1293 1294
1295 1296
1295 1297
1296 1297
1298 1299
1298 1300
1299 1300
1301 1302
1301 1303
1302 1303
1304 1305
1304 1306
1305 1306
1307 1308
1307 1309
1308 1309
1310 1311
1310 1312
1311 1312
1313 1314
1313 1315
1314 1315
1316 1317
1316 1318
1317 1318
1319 1320
1319 1321
1320 1321
1322 1323
1322 1324
1323 1324
1325 1326
1325 1327
1326 1327
1328 1329
1328 1330
1329 1330
1331 1332
1331 1333
1332 1333
1334 1335
1334 1336
1335 1336
1337 1338
1337 1339
1338 1339
1340 1341
1340 1342
1341 1342
1343 1344
1343 1345
1344 1345
1346 1347
1346 1348
1347 1348
1349 1350
1349 1351
1350 1351
1352 1353
1352 1354
1353 1354
1355 1356
1355 1357
1356 1357
1358 1359
1358 1360
1359 1360
1361 1362
1361 1363
1362 1363
1364 1365
1364 1366
1365 1366
1367 1368
1367 1369
1368 1369
1370 1371
1370 1372
1371 1372
1373 1374
1373 1375
1374 1375
1376 1377
1376 1378
1377 1378
1379 1380
1379 1381
1380 1381
1382 1383
1382 1384
1383 1384
1385 1386
1385 1387
1386 1387
1388 1389
1388 1390
1389 1390
1391 1392
1391 1393
1392 1393
1394 1395
1394 1396
1395 1396
1397 1398
1397 1399
1398 1399
1400 1401
1400 1402
1401 1402
1403 1404
1403 1405
1404 1405
1406 1407
1406 1408
1407 1408
1409 1410
1409 1411
1410 1411
1412 1413
1412 1414
1413 1414
1415 1416
1415 1417
1416 1417
1418 1419
1418 1420
1419 1420
1421 1422
1421 1423
1422 1423
1424 1425
1424 1426
1425 1426
1427 1428
1427 1429
1428 1429
1430 1431
1430 1432
1431 1432
1433 1434
1433 1435
1434 1435
1436 1437
1436 1438
1437 1438
1439 1440
1439 1441
1440 1441
1442 1443
1442 1444
1443 1444
1445 1446
1445 1447
1446 1447
1448 1449
1448 1450
1449 1450
1451 1452
1451 1453
1452 1453
1454 1455
1454 1456
1455 1456
1457 1458
1457 1459
1458 1459
1460 1461
1460 1462
1461 1462
1463 1464
1463 1465
1464 1465
1466 1467
1466 1468
1467 1468
1469 1470
1469 1471
1470 1471
1472 1473
1472 1474
1473 1474
1475 1476
1475 1477
1476 1477
1478 1479
1478 1480
1479 1480
1481 1482
1481 1483
1482 1483
1484 1485
1484 1486
1485 1486
1487 1488
1487 1489
1488 1489
1490 1491
1490 1492
1491 1492
1493 1494
1493 1495
1494 1495
1496 1497
1496 1498
1497 1498
1499 1500
1499 1501
1500 1501
1502 1503
1502 1504
1503 1504
1505 1506
1505 1507
1506 1507
1508 1509
1508 1510
1509 1510
1511 1512
1511 1513
1512 1513
1514 1515
1514 1516
1515 1516
1517 1518
1517 1519
1518 1519
1520 1521
1520 1522
1521 1522
1523 1524
1523 1525
1524 1525
1526 1527
1526 1528
1527 1528
1529 1530
1529 1531
1530 1531
1532 1533
1532 1534
1533 1534
1535 1536
1535 1537
1536 1537
1538 1539
1538 1540
1539 1540
1541 1542
1541 1543
1542 1543
1544 1545
1544 1546
1545 1546
1547 1548
1547 1549
1548 1549
1550 1551
1550 1552
1551 1552
1553 1554
1553 1555
1554 1555
1556 1557
1556 1558
1557 1558
1559 1560
1559 1561
1560 1561
1562 1563
1562 1564
1563 1564
1565 1566
1565 1567
1566 1567
1568 1569
1568 1570
1569 1570
1571 1572
1571 1573
1572 1573
1574 1575
1574 1576
1575 1576
1577 1578
1577 1579
1578 1579
1580 1581
1580 1582
1581 1582
1583 1584
1583 1585
1584 1585
1586 1587
1586 1588
1587 1588
1589 1590
1589 1591
1590 1591
1592 1593
1592 1594
1593 1594
1595 1596
1595 1597
1596 1597
1598 1599
1598 1600
1599 1600
1601 1602
1601 1603
1602 1603
1604 1605
1604 1606
1605 1606
1607 1608
1607 1609
1608 1609
1610 1611
1610 1612
1611 1612
1613 1614
1613 1615
1614 1615
1616 1617
1616 1618
1617 1618
1619 1620
1619 1621
1620 1621
1622 1623
1622 1624
1623 1624
1625 1626
1625 1627
1626 1627
1628 1629
1628 1630
1629 1630
1631 1632
1631 1633
1632 1633
1634 1635
1634 1636
1635 1636
1637 1638
1637 1639
1638 1639
1640 1641
1640 1642
1641 1642
1643 1644
1643 1645
1644 1645
1646 1647
1646 1648
1647 1648
1649 1650
1649 1651
1650 1651
1652 1653
1652 1654
1653 1654
1655 1656
1655 1657
1656 1657
1658 1659
1658 1660
1659 1660
1661 1662
1661 1663
1662 1663
1664 1665
1664 1666
1665 1666
1667 1668
1667 1669
1668 1669
1670 1671
1670 1672
1671 1672
1673 1674
1673 1675
1674 1675
1676 1677
1676 1678
1677 1678
1679 1680
1679 1681
1680 1681
1682 1683
1682 1684
1683 1684
1685 1686
1685 1687
1686 1687
1688 1689
1688 1690
1689 1690
1691 1692
1691 1693
1692 1693
1694 1695
1694 1696
1695 1696
1697 1698
1697 1699
1698 1699
1700 1701
1700 1702
1701 1702
1703 1704
1703 1705
1704 1705
1706 1707
1706 1708
1707 1708
1709 1710
1709 1711
1710 1711
1712 1713
1712 1714
1713 1714
1715 1716
1715 1717
1716 1717
1718 1719
1718 1720
1719 1720
1721 1722
1721 1723
1722 1723
1724 1725
1724 1726
1725 1726
1727 1728
1727 1729
1728 1729
1730 1731
1730 1732
1731 1732
1733 1734
1733 1735
1734 1735
1736 1737
1736 1738
1737 1738
1739 1740
1739 1741
1740 1741
1742 1743
1742 1744
1743 1744
1745 1746
1745 1747
1746 1747
1748 1749
1748 1750
1749 1750
1751 1752
1751 1753
1752 1753
1754 1755
1754 1756
1755 1756
1757 1758
1757 1759
1758 1759
1760 1761
1760 1762
1761 1762
1763 1764
1763 1765
1764 1765
1766 1767
1766 1768
1767 1768
1769 1770
1769 1771
1770 1771
1772 1773
1772 1774
1773 1774
1775 1776
1775 1777
1776 1777
1778 1779
1778 1780
1779 1780
1781 1782
1781 1783
1782 1783
1784 1785
1784 1786
1785 1786
1787 1788
1787 1789
1788 1789
1790 1791
1790 1792
1791 1792
1793 1794
1793 1795
1794 1795
1796 1797
1796 1798
1797 1798
1799 1800
1799 1801
1800 1801
1802 1803
1802 1804
1803 1804
1805 1806
1805 1807
1806 1807
1808 1809
1808 1810
1809 1810
1811 1812
1811 1813
1812 1813
1814 1815
1814 1816
1815 1816
1817 1818
1817 1819
1818 1819
1820 1821
1820 1822
1821 1822
1823 1824
1823 1825
1824 1825
1826 1827
1826 1828
1827 1828
1829 1830
1829 1831
1830 1831
1832 1833
1832 1834
1833 1834
1835 1836
1835 1837
1836 1837
1838 1839
1838 1840
1839 1840
1841 1842
1841 1843
1842 1843
1844 1845
1844 1846
1845 1846
1847 1848
1847 1849
1848 1849
1850 1851
1850 1852
1851 1852
1853 1854
1853 1855
1854 1855
1856 1857
1856 1858
1857 1858
1859 1860
1859 1861
1860 1861
1862 1863
1862 1864
1863 1864
1865 1866
1865 1867
1866 1867
1868 1869
1868 1870
1869 1870
1871 1872
1871 1873
1872 1873
1874 1875
1874 1876
1875 1876
1877 1878
1877 1879
1878 1879
1880 1881
1880 1882
1881 1882
1883 1884
1883 1885
1884 1885
1886 1887
1886 1888
1887 1888
1889 1890
1889 1891
1890 1891
1892 1893
1892 1894
1893 1894
1895 1896
1895 1897
1896 1897
1898 1899
1898 1900
1899 1900
1901 1902
1901 1903
1902 1903
1904 1905
1904 1906
1905 1906
1907 1908
1907 1909
1908 1909
1910 1911
1910 1912
1911 1912
1913 1914
1913 1915
1914 1915
1916 1917
1916 1918
1917 1918
1919 1920
1919 1921
1920 1921
1922 1923
1922 1924
1923 1924
1925 1926
1925 1927
1926 1927
1928 1929
1928 1930
1929 1930
1931 1932
1931 1933
1932 1933
1934 1935
1934 1936
1935 1936
1937 1938
1937 1939
1938 1939
1940 1941
1940 1942
1941 1942
1943 1944
1943 1945
1944 1945
1946 1947
1946 1948
1947 1948
1949 1950
1949 1951
1950 1951
1952 1953
1952 1954
1953 1954
1955 1956
1955 1957
1956 1957
1958 1959
1958 1960
1959 1960
1961 1962
1961 1963
1962 1963
1964 1965
1964 1966
1965 1966
1967 1968
1967 1969
1968 1969
1970 1971
1970 1972
1971 1972
1973 1974
1973 1975
1974 1975
1976 1977
1976 1978
1977 1978
1979 1980
1979 1981
1980 1981
1982 1983
1982 1984
1983 1984
1985 1986
1985 1987
1986 1987
1988 1989
1988 1990
1989 1990
1991 1992
1991 1993
1992 1993
1994 1995
1994 1996
1995 1996
1997 1998
1997 1999
1998 1999
2000 2001
2000 2002
2001 2002
2003 2004
2003 2005
2004 2005
2006 2007
2006 2008
2007 2008
2009 2010
2009 2011
2010 2011
2012 2013
2012 2014
2013 2014
2015 2016
2015 2017
2016 2017
2018 2019
2018 2020
2019 2020
2021 2022
2021 2023
2022 2023
2024 2025
2024 2026
2025 2026
2027 2028
2027 2029
2028 2029
2030 2031
2030 2032
2031 2032
2033 2034
2033 2035
2034 2035
2036 2037
2036 2038
2037 2038
2039 2040
2039 2041
2040 2041
2042 2043
2042 2044
2043 2044
2045 2046
2045 2047
2046 2047
2048 2049
2048 2050
2049 2050
2051 2052
2051 2053
2052 2053
2054 2055
2054 2056
2055 2056
2057 2058
2057 2059
2058 2059
2060 2061
2060 2062
2061 2062
2063 2064
2063 2065
2064 2065
2066 2067
2066 2068
2067 2068
2069 2070
2069 2071
2070 2071
2072 2073
2072 2074
2073 2074
2075 2076
2075 2077
2076 2077
2078 2079
2078 2080
2079 2080
2081 2082
2081 2083
2082 2083
2084 2085
2084 2086
2085 2086
2087 2088
2087 2089
2088 2089
2090 2091
2090 2092
2091 2092
2093 2094
2093 2095
2094 2095
2096 2097
2096 2098
2097 2098
2099 2100
2099 2101
2100 2101
2102 2103
2102 2104
2103 2104
2105 2106
2105 2107
2106 2107
2108 2109
2108 2110
2109 2110
2111 2112
2111 2113
2112 2113
2114 2115
2114 2116
2115 2116
2117 2118
2117 2119
2118 2119
2120 2121
2120 2122
2121 2122
2123 2124
2123 2125
2124 2125
2126 2127
2126 2128
2127 2128
2129 2130
2129 2131
2130 2131
2132 2133
2132 2134
2133 2134
2135 2136
2135 2137
2136 2137
2138 2139
2138 2140
2139 2140
2141 2142
2141 2143
2142 2143
2144 2145
2144 2146
2145 2146
2147 2148
2147 2149
2148 2149
2150 2151
2150 2152
2151 2152
2153 2154
2153 2155
2154 2155
2156 2157
2156 2158
2157 2158
2159 2160
2159 2161
2160 2161
2162 2163
2162 2164
2163 2164
2165 2166
2165 2167
2166 2167
2168 2169
2168 2170
2169 2170
2171 2172
2171 2173
2172 2173
2174 2175
2174 2176
2175 2176
2177 2178
2177 2179
2178 2179
2180 2181
2180 2182
2181 2182
2183 2184
2183 2185
2184 2185
2186 2187
2186 2188
2187 2188
2189 2190
2189 2191
2190 2191
2192 2193
2192 2194
2193 2194
2195 2196
2195 2197
2196 2197
2198 2199
2198 2200
2199 2200
2201 2202
2201 2203
2202 2203
2204 2205
2204 2206
2205 2206
2207 2208
2207 2209
2208 2209
2210 2211
2210 2212
2211 2212
2213 2214
2213 2215
2214 2215
2216 2217
2216 2218
2217 2218
2219 2220
2219 2221
2220 2221
2222 2223
2222 2224
2223 2224
2225 2226
2225 2227
2226 2227
2228 2229
2228 2230
2229 2230
2231 2232
2231 2233
2232 2233
2234 2235
2234 2236
2235 2236
2237 2238
2237 2239
2238 2239
2240 2241
2240 2242
2241 2242
2243 2244
2243 2245
2244 2245
2246 2247
2246 2248
2247 2248
2249 2250
2249 2251
2250 2251
2252 2253
2252 2254
2253 2254
2255 2256
2255 2257
2256 2257
2258 2259
2258 2260
2259 2260
2261 2262
2261 2263
2262 2263
2264 2265
2264 2266
2265 2266
2267 2268
2267 2269
2268 2269
2270 2271
2270 2272
2271 2272
2273 2274
2273 2275
2274 2275
2276 2277
2276 2278
2277 2278
2279 2280
2279 2281
2280 2281
2282 2283
2282 2284
2283 2284
2285 2286
2285 2287
2286 2287
2288 2289
2288 2290
2289 2290
2291 2292
2291 2293
2292 2293
2294 2295
2294 2296
2295 2296
2297 2298
2297 2299
2298 2299
2300 2301
2300 2302
2301 2302
2303 2304
2303 2305
2304 2305
2306 2307
2306 2308
2307 2308
2309 2310
2309 2311
2310 2311
2312 2313
2312 2314
2313 2314
2315 2316
2315 2317
2316 2317
2318 2319
2318 2320
2319 2320
2321 2322
2321 2323
2322 2323
2324 2325
2324 2326
2325 2326
2327 2328
2327 2329
2328 2329
2330 2331
2330 2332
2331 2332
2333 2334
2333 2335
2334 2335
2336 2337
2336 2338
2337 2338
2339 2340
2339 2341
2340 2341
2342 2343
2342 2344
2343 2344
2345 2346
2345 2347
2346 2347
2348 2349
2348 2350
2349 2350
2351 2352
2351 2353
2352 2353
2354 2355
2354 2356
2355 2356
2357 2358
2357 2359
2358 2359
2360 2361
2360 2362
2361 2362
2363 2364
2363 2365
2364 2365
2366 2367
2366 2368
2367 2368
2369 2370
2369 2371
2370 2371
2372 2373
2372 2374
2373 2374
2375 2376
2375 2377
2376 2377
2378 2379
2378 2380
2379 2380
2381 2382
2381 2383
2382 2383
2384 2385
2384 2386
2385 2386
2387 2388
2387 2389
2388 2389
2390 2391
2390 2392
2391 2392
2393 2394
2393 2395
2394 2395
2396 2397
2396 2398
2397 2398
2399 2400
2399 2401
2400 2401
2402 2403
2402 2404
2403 2404
2405 2406
2405 2407
2406 2407
2408 2409
2408 2410
2409 2410
2411 2412
2411 2413
2412 2413
2414 2415
2414 2416
2415 2416
2417 2418
2417 2419
2418 2419
2420 2421
2420 2422
2421 2422
2423 2424
2423 2425
2424 2425
2426 2427
2426 2428
2427 2428
2429 2430
2429 2431
2430 2431
2432 2433
2432 2434
2433 2434
2435 2436
2435 2437
2436 2437
2438 2439
2438 2440
2439 2440
2441 2442
2441 2443
2442 2443
2444 2445
2444 2446
2445 2446
2447 2448
2447 2449
2448 2449
2450 2451
2450 2452
2451 2452
2453 2454
2453 2455
2454 2455
2456 2457
2456 2458
2457 2458
2459 2460
2459 2461
2460 2461
2462 2463
2462 2464
2463 2464
2465 2466
2465 2467
2466 2467
2468 2469
2468 2470
2469 2470
2471 2472
2471 2473
2472 2473
2474 2475
2474 2476
2475 2476
2477 2478
2477 2479
2478 2479
2480 2481
2480 2482
2481 2482
2483 2484
2483 2485
2484 2485
2486 2487
2486 2488
2487 2488
2489 2490
2489 2491
2490 2491
2492 2493
2492 2494
2493 2494
2495 2496
2495 2497
2496 2497
2498 2499
2498 2500
2499 2500
2501 2502
2501 2503
2502 2503
2504 2505
2504 2506
2505 2506
2507 2508
2507 2509
2508 2509
2510 2511
2510 2512
2511 2512
2513 2514
2513 2515
2514 2515
2516 2517
2516 2518
2517 2518
2519 2520
2519 2521
2520 2521
2522 2523
2522 2524
2523 2524
2525 2526
2525 2527
2526 2527
2528 2529
2528 2530
2529 2530
2531 2532
2531 2533
2532 2533
2534 2535
2534 2536
2535 2536
2537 2538
2537 2539
2538 2539
2540 2541
2540 2542
2541 2542
2543 2544
2543 2545
2544 2545
2546 2547
2546 2548
2547 2548
2549 2550
2549 2551
2550 2551
2552 2553
2552 2554
2553 2554
2555 2556
2555 2557
2556 2557
2558 2559
2558 2560
2559 2560
2561 2562
2561 2563
2562 2563
2564 2565
2564 2566
2565 2566
2567 2568
2567 2569
2568 2569
2570 2571
2570 2572
2571 2572
2573 2574
2573 2575
2574 2575
2576 2577
2576 2578
2577 2578
2579 2580
2579 2581
2580 2581
2582 2583
2582 2584
2583 2584
2585 2586
2585 2587
2586 2587
2588 2589
2588 2590
2589 2590
2591 2592
2591 2593
2592 2593
2594 2595
2594 2596
2595 2596
2597 2598
2597 2599
2598 2599
2600 2601
2600 2602
2601 2602
2603 2604
2603 2605
2604 2605
2606 2607
2606 2608
2607 2608
2609 2610
2609 2611
2610 2611
2612 2613
2612 2614
2613 2614
2615 2616
2615 2617
2616 2617
2618 2619
2618 2620
2619 2620
2621 2622
2621 2623
2622 2623
2624 2625
2624 2626
2625 2626
2627 2628
2627 2629
2628 2629
2630 2631
2630 2632
2631 2632
2633 2634
2633 2635
2634 2635
2636 2637
2636 2638
2637 2638
2639 2640
2639 2641
2640 2641
2642 2643
2642 2644
2643 2644
2645 2646
2645 2647
2646 2647
2648 2649
2648 2650
2649 2650
2651 2652
2651 2653
2652 2653
2654 2655
2654 2656
2655 2656
2657 2658
2657 2659
2658 2659
2660 2661
2660 2662
2661 2662
2663 2664
2663 2665
2664 2665
2666 2667
2666 2668
2667 2668
2669 2670
2669 2671
2670 2671
2672 2673
2672 2674
2673 2674
2675 2676
2675 2677
2676 2677
2678 2679
2678 2680
2679 2680
2681 2682
2681 2683
2682 2683
2684 2685
2684 2686
2685 2686
2687 2688
2687 2689
2688 2689
2690 2691
2690 2692
2691 2692
2693 2694
2693 2695
2694 2695
2696 2697
2696 2698
2697 2698
2699 2700
2699 2701
2700 2701
2702 2703
2702 2704
2703 2704
2705 2706
2705 2707
2706 2707
2708 2709
2708 2710
2709 2710
2711 2712
2711 2713
2712 2713
2714 2715
2714 2716
2715 2716
2717 2718
2717 2719
2718 2719
2720 2721
2720 2722
2721 2722
2723 2724
2723 2725
2724 2725
2726 2727
2726 2728
2727 2728
2729 2730
2729 2731
2730 2731
2732 2733
2732 2734
2733 2734
2735 2736
2735 2737
2736 2737
2738 2739
2738 2740
2739 2740
2741 2742
2741 2743
2742 2743
2744 2745
2744 2746
2745 2746
2747 2748
2747 2749
2748 2749
2750 2751
2750 2752
2751 2752
2753 2754
2753 2755
2754 2755
2756 2757
2756 2758
2757 2758
2759 2760
2759 2761
2760 2761
2762 2763
2762 2764
2763 2764
2765 2766
2765 2767
2766 2767
2768 2769
2768 2770
2769 2770
2771 2772
2771 2773
2772 2773
2774 2775
2774 2776
2775 2776
2777 2778
2777 2779
2778 2779
2780 2781
2780 2782
2781 2782
2783 2784
2783 2785
2784 2785
2786 2787
2786 2788
2787 2788
2789 2790
2789 2791
2790 2791
2792 2793
2792 2794
2793 2794
2795 2796
2795 2797
2796 2797
2798 2799
2798 2800
2799 2800
2801 2802
2801 2803
2802 2803
2804 2805
2804 2806
2805 2806
2807 2808
2807 2809
2808 2809
2810 2811
2810 2812
2811 2812
2813 2814
2813 2815
2814 2815
2816 2817
2816 2818
2817 2818
2819 2820
2819 2821
2820 2821
2822 2823
2822 2824
2823 2824
2825 2826
2825 2827
2826 2827
2828 2829
2828 2830
2829 2830
2831 2832
2831 2833
2832 2833
2834 2835
2834 2836
2835 2836
2837 2838
2837 2839
2838 2839
2840 2841
2840 2842
2841 2842
2843 2844
2843 2845
2844 2845
2846 2847
2846 2848
2847 2848
2849 2850
2849 2851
2850 2851
2852 2853
2852 2854
2853 2854
2855 2856
2855 2857
2856 2857
2858 2859
2858 2860
2859 2860
2861 2862
2861 2863
2862 2863
2864 2865
2864 2866
2865 2866
2867 2868
2867 2869
2868 2869
2870 2871
2870 2872
2871 2872
2873 2874
2873 2875
2874 2875
2876 2877
2876 2878
2877 2878
2879 2880
2879 2881
2880 2881
2882 2883
2882 2884
2883 2884
2885 2886
2885 2887
2886 2887
2888 2889
2888 2890
2889 2890
2891 2892
2891 2893
2892 2893
2894 2895
2894 2896
2895 2896
2897 2898
2897 2899
2898 2899
2900 2901
2900 2902
2901 2902
2903 2904
2903 2905
2904 2905
2906 2907
2906 2908
2907 2908
2909 2910
2909 2911
2910 2911
2912 2913
2912 2914
2913 2914
2915 2916
2915 2917
2916 2917
2918 2919
2918 2920
2919 2920
2921 2922
2921 2923
2922 2923
2924 2925
2924 2926
2925 2926
2927 2928
2927 2929
2928 2929
2930 2931
2930 2932
2931 2932
2933 2934
2933 2935
2934 2935
2936 2937
2936 2938
2937 2938
2939 2940
2939 2941
2940 2941
2942 2943
2942 2944
2943 2944
2945 2946
2945 2947
2946 2947
2948 2949
2948 2950
2949 2950
2951 2952
2951 2953
2952 2953
2954 2955
2954 2956
2955 2956
2957 2958
2957 2959
2958 2959
2960 2961
2960 2962
2961 2962
2963 2964
2963 2965
2964 2965
2966 2967
2966 2968
2967 2968
2969 2970
2969 2971
2970 2971
2972 2973
2972 2974
2973 2974
2975 2976
2975 2977
2976 2977
2978 2979
2978 2980
2979 2980
2981 2982
2981 2983
2982 2983
2984 2985
2984 2986
2985 2986
2987 2988
2987 2989
2988 2989
2990 2991
2990 2992
2991 2992
2993 2994
2993 2995
2994 2995
2996 2997
2996 2998
2997 2998
2999 3000
2999 3001
3000 3001
3002 3003
3002 3004
3003 3004
3005 3006
3005 3007
3006 3007
3008 3009
3008 3010
3009 3010
3011 3012
3011 3013
3012 3013
3014 3015
3014 3016
3015 3016
3017 3018
3017 3019
3018 3019
3020 3021
3020 3022
3021 3022
3023 3024
3023 3025
3024 3025
3026 3027
3026 3028
3027 3028
3029 3030
3029 3031
3030 3031
3032 3033
3032 3034
3033 3034
3035 3036
3035 3037
3036 3037
3038 3039
3038 3040
3039 3040
3041 3042
3041 3043
3042 3043
3044 3045
3044 3046
3045 3046
3047 3048
3047 3049
3048 3049
3050 3051
3050 3052
3051 3052
3053 3054
3053 3055
3054 3055
3056 3057
3056 3058
3057 3058
3059 3060
3059 3061
3060 3061
3062 3063
3062 3064
3063 3064
3065 3066
3065 3067
3066 3067
3068 3069
3068 3070
3069 3070
3071 3072
3071 3073
3072 3073
3074 3075
3074 3076
3075 3076
3077 3078
3077 3079
3078 3079
3080 3081
3080 3082
3081 3082
3083 3084
3083 3085
3084 3085
3086 3087
3086 3088
3087 3088
3089 3090
3089 3091
3090 3091
3092 3093
3092 3094
3093 3094
3095 3096
3095 3097
3096 3097
3098 3099
3098 3100
3099 3100
3101 3102
3101 3103
3102 3103
3104 3105
3104 3106
3105 3106
3107 3108
3107 3109
3108 3109
3110 3111
3110 3112
3111 3112
3113 3114
3113 3115
3114 3115
3116 3117
3116 3118
3117 3118
3119 3120
3119 3121
3120 3121
3122 3123
3122 3124
3123 3124
3125 3126
3125 3127
3126 3127
3128 3129
3128 3130
3129 3130
3131 3132
3131 3133
3132 3133
3134 3135
3134 3136
3135 3136
3137 3138
3137 3139
3138 3139
3140 3141
3140 3142
3141 3142
3143 3144
3143 3145
3144 3145
3146 3147
3146 3148
3147 3148
3149 3150
3149 3151
3150 3151
3152 3153
3152 3154
3153 3154
3155 3156
3155 3157
3156 3157
3158 3159
3158 3160
3159 3160
3161 3162
3161 3163
3162 3163
3164 3165
3164 3166
3165 3166
3167 3168
3167 3169
3168 3169
3170 3171
3170 3172
3171 3172
3173 3174
3173 3175
3174 3175
3176 3177
3176 3178
3177 3178
3179 3180
3179 3181
3180 3181
3182 3183
3182 3184
3183 3184
3185 3186
3185 3187
3186 3187
3188 3189
3188 3190
3189 3190
3191 3192
3191 3193
3192 3193
3194 3195
3194 3196
3195 3196
3197 3198
3197 3199
3198 3199
3200 3201
3200 3202
3201 3202
3203 3204
3203 3205
3204 3205
3206 3207
3206 3208
3207 3208
3209 3210
3209 3211
3210 3211
3212 3213
3212 3214
3213 3214
3215 3216
3215 3217
3216 3217
3218 3219
3218 3220
3219 3220
3221 3222
3221 3223
3222 3223
3224 3225
3224 3226
3225 3226
3227 3228
3227 3229
3228 3229
3230 3231
3230 3232
3231 3232
3233 3234
3233 3235
3234 3235
3236 3237
3236 3238
3237 3238
3239 3240
3239 3241
3240 3241
3242 3243
3242 3244
3243 3244
3245 3246
3245 3247
3246 3247
3248 3249
3248 3250
3249 3250
3251 3252
3251 3253
3252 3253
3254 3255
3254 3256
3255 3256
3257 3258
3257 3259
3258 3259
3260 3261
3260 3262
3261 3262
3263 3264
3263 3265
3264 3265
3266 3267
3266 3268
3267 3268
3269 3270
3269 3271
3270 3271
3272 3273
3272 3274
3273 3274
3275 3276
3275 3277
3276 3277
3278 3279
3278 3280
3279 3280
3281 3282
3281 3283
3282 3283
3284 3285
3284 3286
3285 3286
3287 3288
3287 3289
3288 3289
3290 3291
3290 3292
3291 3292
3293 3294
3293 3295
3294 3295
3296 3297
3296 3298
3297 3298
3299 3300
3299 3301
3300 3301
3302 3303
3302 3304
3303 3304
3305 3306
3305 3307
3306 3307
3308 3309
3308 3310
3309 3310
3311 3312
3311 3313
3312 3313
3314 3315
3314 3316
3315 3316
3317 3318
3317 3319
3318 3319
3320 3321
3320 3322
3321 3322
3323 3324
3323 3325
3324 3325
3326 3327
3326 3328
3327 3328
3329 3330
3329 3331
3330 3331
3332 3333
3332 3334
3333 3334
3335 3336
3335 3337
3336 3337
3338 3339
3338 3340
3339 3340
3341 3342
3341 3343
3342 3343
3344 3345
3344 3346
3345 3346
3347 3348
3347 3349
3348 3349
3350 3351
3350 3352
3351 3352
3353 3354
3353 3355
3354 3355
3356 3357
3356 3358
3357 3358
3359 3360
3359 3361
3360 3361
3362 3363
3362 3364
3363 3364
3365 3366
3365 3367
3366 3367
3368 3369
3368 3370
3369 3370
3371 3372
3371 3373
3372 3373
3374 3375
3374 3376
3375 3376
3377 3378
3377 3379
3378 3379
3380 3381
3380 3382
3381 3382
3383 3384
3383 3385
3384 3385
3386 3387
3386 3388
3387 3388
3389 3390
3389 3391
3390 3391
3392 3393
3392 3394
3393 3394
3395 3396
3395 3397
3396 3397
3398 3399
3398 3400
3399 3400
3401 3402
3401 3403
3402 3403
3404 3405
3404 3406
3405 3406
3407 3408
3407 3409
3408 3409
3410 3411
3410 3412
3411 3412
3413 3414
3413 3415
3414 3415
3416 3417
3416 3418
3417 3418
3419 3420
3419 3421
3420 3421
3422 3423
3422 3424
3423 3424
3425 3426
3425 3427
3426 3427
3428 3429
3428 3430
3429 3430
3431 3432
3431 3433
3432 3433
3434 3435
3434 3436
3435 3436
3437 3438
3437 3439
3438 3439
3440 3441
3440 3442
3441 3442
3443 3444
3443 3445
3444 3445
3446 3447
3446 3448
3447 3448
3449 3450
3449 3451
3450 3451
3452 3453
3452 3454
3453 3454
3455 3456
3455 3457
3456 3457
3458 3459
3458 3460
3459 3460
3461 3462
3461 3463
3462 3463
3464 3465
3464 3466
3465 3466
3467 3468
3467 3469
3468 3469
3470 3471
3470 3472
3471 3472
3473 3474
3473 3475
3474 3475
3476 3477
3476 3478
3477 3478
3479 3480
3479 3481
3480 3481
3482 3483
3482 3484
3483 3484
3485 3486
3485 3487
3486 3487
3488 3489
3488 3490
3489 3490
3491 3492
3491 3493
3492 3493
3494 3495
3494 3496
3495 3496
3497 3498
3497 3499
3498 3499
3500 3501
3500 3502
3501 3502
3503 3504
3503 3505
3504 3505
3506 3507
3506 3508
3507 3508
3509 3510
3509 3511
3510 3511
3512 3513
3512 3514
3513 3514
3515 3516
3515 3517
3516 3517
3518 3519
3518 3520
3519 3520
3521 3522
3521 3523
3522 3523
3524 3525
3524 3526
3525 3526
3527 3528
3527 3529
3528 3529
3530 3531
3530 3532
3531 3532
3533 3534
3533 3535
3534 3535
3536 3537
3536 3538
3537 3538
3539 3540
3539 3541
3540 3541
3542 3543
3542 3544
3543 3544
3545 3546
3545 3547
3546 3547
3548 3549
3548 3550
3549 3550
3551 3552
3551 3553
3552 3553
3554 3555
3554 3556
3555 3556
3557 3558
3557 3559
3558 3559
3560 3561
3560 3562
3561 3562
3563 3564
3563 3565
3564 3565
3566 3567
3566 3568
3567 3568
3569 3570
3569 3571
3570 3571
3572 3573
3572 3574
3573 3574
3575 3576
3575 3577
3576 3577
3578 3579
3578 3580
3579 3580
3581 3582
3581 3583
3582 3583
3584 3585
3584 3586
3585 3586
3587 3588
3587 3589
3588 3589
3590 3591
3590 3592
3591 3592
3593 3594
3593 3595
3594 3595
3596 3597
3596 3598
3597 3598
3599 3600
3599 3601
3600 3601
3602 3603
3602 3604
3603 3604
3605 3606
3605 3607
3606 3607
3608 3609
3608 3610
3609 3610
3611 3612
3611 3613
3612 3613
3614 3615
3614 3616
3615 3616
3617 3618
3617 3619
3618 3619
3620 3621
3620 3622
3621 3622
3623 3624
3623 3625
3624 3625
3626 3627
3626 3628
3627 3628
3629 3630
3629 3631
3630 3631
3632 3633
3632 3634
3633 3634
3635 3636
3635 3637
3636 3637
3638 3639
3638 3640
3639 3640
3641 3642
3641 3643
3642 3643
3644 3645
3644 3646
3645 3646
3647 3648
3647 3649
3648 3649
3650 3651
3650 3652
3651 3652
3653 3654
3653 3655
3654 3655
3656 3657
3656 3658
3657 3658
3659 3660
3659 3661
3660 3661
3662 3663
3662 3664
3663 3664
3665 3666
3665 3667
3666 3667
3668 3669
3668 3670
3669 3670
3671 3672
3671 3673
3672 3673
3674 3675
3674 3676
3675 3676
3677 3678
3677 3679
3678 3679
3680 3681
3680 3682
3681 3682
3683 3684
3683 3685
3684 3685
3686 3687
3686 3688
3687 3688
3689 3690
3689 3691
3690 3691
3692 3693
3692 3694
3693 3694
3695 3696
3695 3697
3696 3697
3698 3699
3698 3700
3699 3700
3701 3702
3701 3703
3702 3703
3704 3705
3704 3706
3705 3706
3707 3708
3707 3709
3708 3709
3710 3711
3710 3712
3711 3712
3713 3714
3713 3715
3714 3715
3716 3717
3716 3718
3717 3718
3719 3720
3719 3721
3720 3721
3722 3723
3722 3724
3723 3724
3725 3726
3725 3727
3726 3727
3728 3729
3728 3730
3729 3730
3731 3732
3731 3733
3732 3733
3734 3735
3734 3736
3735 3736
3737 3738
3737 3739
3738 3739
3740 3741
3740 3742
3741 3742
3743 3744
3743 3745
3744 3745
3746 3747
3746 3748
3747 3748
3749 3750
3749 3751
3750 3751
3752 3753
3752 3754
3753 3754
3755 3756
3755 3757
3756 3757
3758 3759
3758 3760
3759 3760
3761 3762
3761 3763
3762 3763
3764 3765
3764 3766
3765 3766
3767 3768
3767 3769
3768 3769
3770 3771
3770 3772
3771 3772
3773 3774
3773 3775
3774 3775
3776 3777
3776 3778
3777 3778
3779 3780
3779 3781
3780 3781
3782 3783
3782 3784
3783 3784
3785 3786
3785 3787
3786 3787
3788 3789
3788 3790
3789 3790
3791 3792
3791 3793
3792 3793
3794 3795
3794 3796
3795 3796
3797 3798
3797 3799
3798 3799
3800 3801
3800 3802
3801 3802
3803 3804
3803 3805
3804 3805
3806 3807
3806 3808
3807 3808
3809 3810
3809 3811
3810 3811
3812 3813
3812 3814
3813 3814
3815 3816
3815 3817
3816 3817
3818 3819
3818 3820
3819 3820
3821 3822
3821 3823
3822 3823
3824 3825
3824 3826
3825 3826
3827 3828
3827 3829
3828 3829
3830 3831
3830 3832
3831 3832
3833 3834
3833 3835
3834 3835
3836 3837
3836 3838
3837 3838
3839 3840
3839 3841
3840 3841
3842 3843
3842 3844
3843 3844
3845 3846
3845 3847
3846 3847
3848 3849
3848 3850
3849 3850
3851 3852
3851 3853
3852 3853
3854 3855
3854 3856
3855 3856
3857 3858
3857 3859
3858 3859
3860 3861
3860 3862
3861 3862
3863 3864
3863 3865
3864 3865
3866 3867
3866 3868
3867 3868
3869 3870
3869 3871
3870 3871
3872 3873
3872 3874
3873 3874
3875 3876
3875 3877
3876 3877
3878 3879
3878 3880
3879 3880
3881 3882
3881 3883
3882 3883
3884 3885
3884 3886
3885 3886
3887 3888
3887 3889
3888 3889
3890 3891
3890 3892
3891 3892
3893 3894
3893 3895
3894 3895
3896 3897
3896 3898
3897 3898
3899 3900
3899 3901
3900 3901
3902 3903
3902 3904
3903 3904
3905 3906
3905 3907
3906 3907
3908 3909
3908 3910
3909 3910
3911 3912
3911 3913
3912 3913
3914 3915
3914 3916
3915 3916
3917 3918
3917 3919
3918 3919
3920 3921
3920 3922
3921 3922
3923 3924
3923 3925
3924 3925
3926 3927
3926 3928
3927 3928
3929 3930
3929 3931
3930 3931
3932 3933
3932 3934
3933 3934
3935 3936
3935 3937
3936 3937
3938 3939
3938 3940
3939 3940
3941 3942
3941 3943
3942 3943
3944 3945
3944 3946
3945 3946
3947 3948
3947 3949
3948 3949
3950 3951
3950 3952
3951 3952
3953 3954
3953 3955
3954 3955
3956 3957
3956 3958
3957 3958
3959 3960
3959 3961
3960 3961
3962 3963
3962 3964
3963 3964
3965 3966
3965 3967
3966 3967
3968 3969
3968 3970
3969 3970
3971 3972
3971 3973
3972 3973
3974 3975
3974 3976
3975 3976
3977 3978
3977 3979
3978 3979
3980 3981
3980 3982
3981 3982
3983 3984
3983 3985
3984 3985
3986 3987
3986 3988
3987 3988
3989 3990
3989 3991
3990 3991
3992 3993
3992 3994
3993 3994
3995 3996
3995 3997
3996 3997
3998 3999
3998 4000
3999 4000