          0.002        1098.788       3048.4572
          0.004       1092.6911       3048.4572
          0.006       1086.5942       3048.4572
          0.008       1080.4973       3048.4572
           0.01       1074.4004       3048.4572
          0.012       1068.3035       3048.4572
          0.014       1062.2066       3048.4572
          0.016       1056.1096       3048.4572
          0.018       1050.0127       3048.4572
           0.02       1043.9158       3048.4575
          0.022       1037.8189       3048.4572
          0.024        1031.722       3048.4572
          0.026       1025.6251       3048.4572
          0.028       1019.5282       3048.4572
           0.03       1013.4312       3048.4572
          0.032       1007.3343       3048.4572
          0.034       1001.2374       3048.4573
          0.036       995.14049       3048.4572
          0.038       989.04358       3048.4573
           0.04       982.94666       3048.4573
          0.042       976.84975       3048.4573
          0.044       970.75283       3048.4573
          0.046       964.65592       3048.4572
          0.048       958.55901       3048.4573
           0.05       952.46209       3048.4573
          0.052       946.36518       3048.4572
          0.054       940.26826       3048.4573
          0.056       934.17135       3048.4573
          0.058       928.07443       3048.4573
           0.06       921.97752       3048.4573
          0.062        915.8806       3048.4572
          0.064       909.78369       3048.4573
          0.066       903.68677       3048.4573
          0.068       897.58986       3048.4572
           0.07       891.49295       3048.4573
          0.072       885.39603       3048.4573
          0.074       879.29912       3048.4572
          0.076        873.2022       3048.4573
          0.078       867.10529       3048.4573
           0.08       861.00837       3048.4573
          0.082       854.91146       3048.4573
          0.084       848.81454       3048.4572
          0.086       842.71763       3048.4573
          0.088       836.62071       3048.4573
           0.09        830.5238       3048.4572
          0.092       824.42689       3048.4573
          0.094       818.32997       3048.4573
          0.096       812.23306       3048.4572
          0.098       806.13614       3048.4573
            0.1       800.03923       3048.4573
          0.102       793.94231       3048.4573
          0.104        787.8454       3048.4573
          0.106       781.74848       3048.4572
          0.108       775.65157       3048.4573
           0.11       769.55465       3048.4573
          0.112       763.45774       3048.4572
          0.114       757.36083       3048.4573
          0.116       751.26391       3048.4573
          0.118         745.167       3048.4573
           0.12       739.07008       3048.4573
          0.122       732.97317       3048.4572
          0.124       726.87625       3048.4573
          0.126       720.77934       3048.4573
          0.128       714.68242       3048.4572
           0.13       708.58551       3048.4573
          0.132       702.48859       3048.4573
          0.134       696.39168       3048.4572
          0.136       690.29477       3048.4573
          0.138       684.19785       3048.4573
           0.14       678.10094       3048.4573
          0.142       672.00402       3048.4573
          0.144       665.90711       3048.4572
          0.146       659.81019       3048.4573
          0.148       653.71328       3048.4573
           0.15       647.61636       3048.4572
          0.152       641.51945       3048.4573
          0.154       635.42254       3048.4573
          0.156       629.32562       3048.4572
          0.158       623.22871       3048.4573
           0.16       617.13179       3048.4573
          0.162       611.03488       3048.4573
          0.164       604.93796       3048.4573
          0.166       598.84105       3048.4572
          0.168       592.74413       3048.4573
           0.17       586.64722       3048.4573
          0.172        580.5503       3048.4572
          0.174       574.45339       3048.4573
          0.176       568.35648       3048.4573
          0.178       562.25956       3048.4573
           0.18       556.16265       3048.4573
          0.182       550.06573       3048.4572
          0.184       543.96882       3048.4573
          0.186        537.8719       3048.4573
          0.188       531.77499       3048.4572
           0.19       525.67807       3048.4573
          0.192       519.58116       3048.4573
          0.194       513.48424       3048.4572
          0.196       507.38733       3048.4573
          0.198       501.29042       3048.4573
            0.2        495.1935       3048.4573
          0.202       489.09659       3048.4573
          0.204       482.99967       3048.4572
          0.206       476.90276       3048.4573
          0.208       470.80584       3048.4573
           0.21       464.70893       3048.4572
          0.212       458.61201       3048.4573
          0.214        452.5151       3048.4573
          0.216       446.41818       3048.4572
          0.218       440.32127       3048.4573
           0.22       434.22436       3048.4573
          0.222       428.12744       3048.4573
          0.224       422.03053       3048.4573
          0.226       415.93361       3048.4572
          0.228        409.8367       3048.4573
           0.23       403.73978       3048.4573
          0.232       397.64287       3048.4572
          0.234       391.54595       3048.4573
          0.236       385.44904       3048.4573
          0.238       379.35212       3048.4573
           0.24       373.25521       3048.4573
          0.242        367.1583       3048.4572
          0.244       361.06138       3048.4573
          0.246       354.96447       3048.4573
          0.248       348.86755       3048.4572
           0.25       342.77064       3048.4573
          0.252       336.67372       3048.4573
          0.254       330.57681       3048.4572
          0.256       324.47989       3048.4573
          0.258       318.38298       3048.4573
           0.26       312.28606       3048.4573
          0.262       306.18915       3048.4573
          0.264       300.09224       3048.4572
          0.266       293.99532       3048.4573
          0.268       287.89841       3048.4573
           0.27       281.80149       3048.4572
          0.272       275.70458       3048.4573
          0.274       269.60766       3048.4573
          0.276       263.51075       3048.4572
          0.278       257.41383       3048.4573
           0.28       251.31692       3048.4573
          0.282          245.22       3048.4573
          0.284       239.12309       3048.4573
          0.286       233.02618       3048.4572
          0.288       226.92926       3048.4573
           0.29       220.83235       3048.4573
          0.292       214.73543       3048.4572
          0.294       208.63852       3048.4573
          0.296        202.5416       3048.4573
          0.298       196.44469       3048.4573
            0.3       190.34777       3048.4573
          0.302       184.25086       3048.4572
          0.304       178.15394       3048.4573
          0.306       172.05703       3048.4573
          0.308       165.96012       3048.4572
           0.31        159.8632       3048.4573
          0.312       153.76629       3048.4573
          0.314       147.66937       3048.4572
          0.316       141.57246       3048.4573
          0.318       135.47554       3048.4573
           0.32       129.37863       3048.4573
          0.322       123.28171       3048.4573
          0.324        117.1848       3048.4572
          0.326       111.08788       3048.4573
          0.328       104.99097       3048.4573
           0.33       98.894056       3048.4573
          0.332       92.797141       3048.4573
          0.334       86.700227       3048.4573
          0.336       80.603312       4532.6272
          0.338       68.569718       2991.2299
           0.34       68.638393       1564.2874
          0.342       62.312569       974.51996
          0.344       64.740313        384.7502
          0.346       60.773568       1983.4698
          0.348       56.806434       2550.7163
           0.35       50.570702       1695.6548
          0.352       50.023814       1199.7822
          0.354       45.771574       2453.8781
          0.356       40.208302       1215.6256
          0.358       40.909071       435.40161
           0.36       38.466696       512.64052
          0.362       38.858509       -869.3333
          0.364       41.944029       2441.8783
          0.366       29.090996        2549.313
          0.368       31.746777       -753.8538
           0.37       32.106411        530.1158
          0.372       29.626314       1648.0732
          0.374       25.514118       378.10429
          0.376       28.113897       102.54102
          0.378       25.103954       1123.7881
           0.38       23.618744      -222.34719
          0.382       25.993343      -276.01905
          0.384        24.72282       1057.8696
          0.386       21.761864       671.93575
          0.388       22.035077      -72.264732
           0.39       22.050923       326.47996
          0.392       20.729158       41.022715
          0.394       21.886832       339.32742
          0.396       19.371848       901.68851
          0.398       18.280078       464.82503
            0.4       17.512548       119.56768
          0.402       17.801808      -48.140583
          0.404        17.70511         7.74851
          0.406       17.770814       289.45312
          0.408       16.547298       721.95907
           0.41       14.882977       396.67569
          0.412       14.960595       -140.0767
          0.414       15.443284       217.96424
          0.416       14.088738        349.6496
          0.418       14.044686       10.066128
           0.42       14.048473      -39.976152
          0.422        14.20459       433.21354
          0.424       12.315619       127.65127
          0.426       13.693985      -409.76971
          0.428       13.954698       353.55304
           0.43       12.279773        294.8519
          0.432       12.775291       122.86598
          0.434       11.788309       360.10124
          0.436       11.334886        367.6014
          0.438       10.317904      -52.836485
           0.44       11.546231      -212.71862
          0.442       11.168778       123.51265
          0.444       11.052181        31.64282
          0.446       11.042207      -79.174203
          0.448       11.368878       335.28326
           0.45       9.7010738        253.0545
          0.452        10.35666      -185.67815
          0.454       10.443786        172.3669
          0.456       9.6671921       231.25646
          0.458       9.5187606      -213.42005
           0.46       10.520872       -212.6268
          0.462       10.369268       108.42557
          0.464        10.08717       212.56185
          0.466       9.5190203        83.88559
          0.468       9.7516277       108.31428
           0.47       9.0857632       222.47742
          0.472        8.861718      -326.39419
          0.474        10.39134      -164.49773
          0.476       9.5197089       147.41854
          0.478       9.8016658       115.97008
           0.48       9.0558286       96.049199
          0.482        9.417469      -114.10645
          0.484       9.5122544      -159.44701
          0.486       10.055257        114.6501
          0.488        9.053654       100.12951
           0.49        9.654739      -73.458401
          0.492       9.3474876       156.16889
          0.494       9.0300634       199.94897
          0.496       8.5476918       111.00988
          0.498       8.5860239       163.00968
            0.5        7.895653      -31.645137
          0.502       8.7126045      -210.68949
          0.504        8.738411       193.51878
          0.506       7.9385293       148.55277
          0.508       8.1441999       57.720481
           0.51       7.7076474       253.00829
          0.512       7.1321667       125.48182
          0.514       7.2057201       36.982427
          0.516        6.984237       24.779037
          0.518        7.106604      -175.22761
           0.52       7.6851475       181.36219
          0.522       6.3811552       317.51256
          0.524       6.4150972      -159.92673
          0.526       7.0208621       195.88734
          0.528       5.6315479       268.35673
           0.53       5.9474352       57.134861
          0.532       5.4030084       308.39668
          0.534       4.7138485       251.82979
          0.536       4.3956893       60.417907
          0.538       4.4721769      -58.559474
           0.54       4.6299272       162.75272
          0.542        3.821166       243.57559
          0.544       3.6556248       147.60047
          0.546       3.2307641       179.92471
          0.548       2.9359259       98.747391
           0.55       2.8357746       14.584186
          0.552       2.8775892       79.434155
          0.554       2.5180379       152.55094
          0.556       2.2673854        40.33174
          0.558        2.356711       94.390556
           0.56       1.8898232       202.57604
          0.562       1.5464068       105.13161
          0.564       1.4692968       48.919845
          0.566       1.3507274        36.71763
          0.568       1.3224263      -41.669119
           0.57       1.5174039      -8.4172368
          0.572       1.3560952        73.97575
          0.574       1.2215009       45.164893
          0.576       1.1754356       52.986328
          0.578       1.0095556       82.004963
           0.58      0.84741579      -43.864501
          0.582       1.1850136       24.873405
          0.584      0.74792217       115.58679
          0.586      0.72266644      -12.659151
          0.588      0.79855878      -13.134284
           0.59      0.77520358       83.122612
          0.592      0.46606833       2.8205094
          0.594      0.76392154      -12.659395
          0.596      0.51670591       61.622855
          0.598      0.51743012      -33.014492
            0.6      0.64876388      -36.974362
          0.602      0.66532757       19.803685
          0.604      0.56954914       47.836764
          0.606      0.47398052       -63.71308
          0.608      0.82440146      -51.057718
           0.61      0.67821139        110.8547
          0.612      0.38098265       26.046527
          0.614      0.57402528      -78.637413
          0.616       0.6955323      -2.8371332
          0.618      0.58537381      -1.4429806
           0.62      0.70130422       34.137554
          0.622       0.4488236       114.56744
          0.624      0.24303446       66.520387
          0.626      0.18274205      -84.611851
          0.628      0.58148186       -6.484055
           0.63      0.20867827       10.842477
          0.632      0.53811196      -55.048741
          0.634      0.42887323      -11.883733
          0.636      0.58564689       53.297849
          0.638      0.21568184       111.60753
           0.64      0.13921677      -18.104533
          0.642      0.28809997      -66.940773
          0.644      0.40697987      -43.090806
          0.646      0.46046319       101.74497
          0.648               0        56.14015
           0.65      0.23590259      -25.448735
          0.652      0.10179494       11.511371
          0.654      0.18985711      -32.313753
          0.656      0.23104995      -18.070878
          0.658      0.26214062      -60.425788
           0.66       0.4727531      -109.67859
          0.662      0.70085497      -33.787051
          0.664      0.60790131       60.165464
          0.666      0.46019311      -0.6072856
          0.668      0.61033045      -135.75138
           0.67       1.0031986      -184.90845
          0.672       1.3499643      -178.90154
          0.674       1.7188048      -207.89377
          0.676       2.1815393      -140.10868
          0.678       2.2792395      -0.2407075
           0.68       2.1825022      -145.87451
          0.682       2.8627376      -253.75077
          0.684       3.1975052      -278.59647
          0.686       3.9771234      -100.83987
          0.688       3.6008647      -159.92477
           0.69       4.6168225      -432.78216
          0.692       5.3319933      -248.42942
          0.694       5.6105402      -256.64748
          0.696       6.3585832       -369.8366
          0.698       7.0898866      -167.76534
            0.7       7.0296446      -299.05806
          0.702       8.2861188      -368.29961
          0.704       8.5028431      -199.31044
          0.706       9.0833606      -427.18671
          0.708        10.21159      -494.59467
           0.71       11.061739      -365.25889
          0.712       11.672625      -399.09791
          0.714       12.658131      -499.85062
          0.716       13.672028      -342.57754
          0.718       14.028441      -673.21256
           0.72       16.364878      -570.76369
          0.722       16.311496      -494.15382
          0.724       18.341494      -1097.6476
          0.726       20.702086      -1199.1465
          0.728       23.138079      -1178.6161
           0.73       25.416551      -394.53267
          0.732        24.71621      -1105.8483
          0.734       29.839944      -2040.2502
          0.736       32.877211      -352.66131
          0.738       31.250589      -1447.1025
           0.74       38.665621      -2990.0406
          0.742       43.210751      -1299.3018
          0.744       43.862828      -1407.2749
          0.746       48.839851      -2171.1882
          0.748       52.547581      -1524.6707
           0.75       54.938534      -2622.6008
          0.752       63.037984      -1442.6242
          0.754       60.709031       -97.88247
          0.756       63.429514      -1360.2416
          0.758       66.149997      -1360.2416
           0.76       68.870481      -1360.2416
          0.762       71.590964      -1360.2416
          0.764       74.311447      -1360.2416
          0.766        77.03193      -1360.2416
          0.768       79.752414      -1360.2416
           0.77       82.472897      -1360.2416
          0.772        85.19338      -1360.2416
          0.774       87.913864      -1360.2416
          0.776       90.634347      -1360.2416
          0.778        93.35483      -1360.2416
           0.78       96.075313      -1360.2416
          0.782       98.795797      -1360.2416
          0.784       101.51628      -1360.2416
          0.786       104.23676      -1360.2416
          0.788       106.95725      -1360.2416
           0.79       109.67773      -1360.2416
          0.792       112.39821      -1360.2416
          0.794        115.1187      -1360.2416
          0.796       117.83918      -1360.2416
          0.798       120.55966      -1360.2416
            0.8       123.28015      -1360.2416
          0.802       126.00063      -1360.2416
          0.804       128.72111      -1360.2416
          0.806        131.4416      -1360.2416
          0.808       134.16208      -1360.2416
           0.81       136.88256      -1360.2416
          0.812       139.60305      -1360.2416
          0.814       142.32353      -1360.2416
          0.816       145.04401      -1360.2416
          0.818        147.7645      -1360.2416
           0.82       150.48498      -1360.2416
          0.822       153.20546      -1360.2416
          0.824       155.92595      -1360.2416
          0.826       158.64643      -1360.2416
          0.828       161.36691      -1360.2416
           0.83        164.0874      -1360.2416
          0.832       166.80788      -1360.2416
          0.834       169.52836      -1360.2416
          0.836       172.24885      -1360.2416
          0.838       174.96933      -1360.2416
           0.84       177.68981      -1360.2416
          0.842        180.4103      -1360.2416
          0.844       183.13078      -1360.2416
          0.846       185.85126      -1360.2416
          0.848       188.57174      -1360.2416
           0.85       191.29223      -1360.2416
          0.852       194.01271      -1360.2416
          0.854       196.73319      -1360.2416
          0.856       199.45368      -1360.2416
          0.858       202.17416      -1360.2416
           0.86       204.89464      -1360.2416
          0.862       207.61513      -1360.2416
          0.864       210.33561      -1360.2416
          0.866       213.05609      -1360.2416
          0.868       215.77658      -1360.2416
           0.87       218.49706      -1360.2416
          0.872       221.21754      -1360.2416
          0.874       223.93803      -1360.2416
          0.876       226.65851      -1360.2416
          0.878       229.37899      -1360.2416
           0.88       232.09948      -1360.2416
          0.882       234.81996      -1360.2416
          0.884       237.54044      -1360.2416
          0.886       240.26093      -1360.2416
          0.888       242.98141      -1360.2416
           0.89       245.70189      -1360.2416
          0.892       248.42238      -1360.2416
          0.894       251.14286      -1360.2416
          0.896       253.86334      -1360.2416
          0.898       256.58383      -1360.2416
            0.9       259.30431      -1360.2416
          0.902       262.02479      -1360.2416
          0.904       264.74528      -1360.2416
          0.906       267.46576      -1360.2416
          0.908       270.18624      -1360.2416
           0.91       272.90673      -1360.2416
          0.912       275.62721      -1360.2416
          0.914       278.34769      -1360.2416
          0.916       281.06818      -1360.2416
          0.918       283.78866      -1360.2416
           0.92       286.50914      -1360.2416
          0.922       289.22963      -1360.2416
          0.924       291.95011      -1360.2416
          0.926       294.67059      -1360.2416
          0.928       297.39108      -1360.2416
           0.93       300.11156      -1360.2416
          0.932       302.83204      -1360.2416
          0.934       305.55253      -1360.2416
          0.936       308.27301      -1360.2416
          0.938       310.99349      -1360.2416
           0.94       313.71398      -1360.2416
          0.942       316.43446      -1360.2416
          0.944       319.15494      -1360.2416
          0.946       321.87543      -1360.2416
          0.948       324.59591      -1360.2416
           0.95       327.31639      -1360.2416
          0.952       330.03688      -1360.2416
          0.954       332.75736      -1360.2416
          0.956       335.47784      -1360.2416
          0.958       338.19833      -1360.2416
           0.96       340.91881      -1360.2416
          0.962       343.63929      -1360.2416
          0.964       346.35978      -1360.2416
          0.966       349.08026      -1360.2416
          0.968       351.80074      -1360.2416
           0.97       354.52123      -1360.2416
          0.972       357.24171      -1360.2416
          0.974       359.96219      -1360.2416
          0.976       362.68267      -1360.2416
          0.978       365.40316      -1360.2416
           0.98       368.12364      -1360.2416
          0.982       370.84412      -1360.2416
          0.984       373.56461      -1360.2416
          0.986       376.28509      -1360.2416
          0.988       379.00557      -1360.2416
           0.99       381.72606      -1360.2416
          0.992       384.44654      -1360.2416
          0.994       387.16702      -1360.2416
          0.996       389.88751      -1360.2416
          0.998       392.60799      -1360.2416
              1       395.32847      -1360.2416
          1.002       398.04896      -1360.2416
          1.004       400.76944      -1360.2416
          1.006       403.48992      -1360.2416
          1.008       406.21041      -1360.2416
           1.01       408.93089      -1360.2416
          1.012       411.65137      -1360.2416
          1.014       414.37186      -1360.2416
          1.016       417.09234      -1360.2416
          1.018       419.81282      -1360.2416
           1.02       422.53331      -1360.2416
          1.022       425.25379      -1360.2416
          1.024       427.97427      -1360.2416
          1.026       430.69476      -1360.2416
          1.028       433.41524      -1360.2416
           1.03       436.13572      -1360.2416
          1.032       438.85621      -1360.2416
          1.034       441.57669      -1360.2416
          1.036       444.29717      -1360.2416
          1.038       447.01766      -1360.2416
           1.04       449.73814      -1360.2416
          1.042       452.45862      -1360.2416
          1.044       455.17911      -1360.2416
          1.046       457.89959      -1360.2416
          1.048       460.62007      -1360.2416
           1.05       463.34056      -1360.2416
          1.052       466.06104      -1360.2416
          1.054       468.78152      -1360.2416
          1.056       471.50201      -1360.2416
          1.058       474.22249      -1360.2416
           1.06       476.94297      -1360.2416
          1.062       479.66346      -1360.2416
          1.064       482.38394      -1360.2416
          1.066       485.10442      -1360.2416
          1.068       487.82491      -1360.2416
           1.07       490.54539      -1360.2416
          1.072       493.26587      -1360.2416
          1.074       495.98636      -1360.2416
          1.076       498.70684      -1360.2416
          1.078       501.42732      -1360.2416
           1.08       504.14781      -1360.2416
          1.082       506.86829      -1360.2416
          1.084       509.58877      -1360.2416
          1.086       512.30926      -1360.2416
          1.088       515.02974      -1360.2416
           1.09       517.75022      -1360.2416
          1.092       520.47071      -1360.2416
          1.094       523.19119      -1360.2416
          1.096       525.91167      -1360.2416
          1.098       528.63215      -1360.2416
            1.1       531.35264      -1360.2416
          1.102       534.07312      -1360.2416
          1.104        536.7936      -1360.2416
          1.106       539.51409      -1360.2416
          1.108       542.23457      -1360.2416
           1.11       544.95505      -1360.2416
          1.112       547.67554      -1360.2416
          1.114       550.39602      -1360.2416
          1.116        553.1165      -1360.2416
          1.118       555.83699      -1360.2416
           1.12       558.55747      -1360.2416
          1.122       561.27795      -1360.2416
          1.124       563.99844      -1360.2416
          1.126       566.71892      -1360.2416
          1.128        569.4394      -1360.2416
           1.13       572.15989      -1360.2416
          1.132       574.88037      -1360.2416
          1.134       577.60085      -1360.2416
          1.136       580.32134      -1360.2416
          1.138       583.04182      -1360.2416
           1.14        585.7623      -1360.2416
          1.142       588.48279      -1360.2416
          1.144       591.20327      -1360.2416
          1.146       593.92375      -1360.2416
          1.148       596.64424      -1360.2416
           1.15       599.36472      -1360.2416
          1.152        602.0852      -1360.2416
          1.154       604.80569      -1360.2416
          1.156       607.52617      -1360.2416
          1.158       610.24665      -1360.2416
           1.16       612.96714      -1360.2416
          1.162       615.68762      -1360.2416
          1.164        618.4081      -1360.2416
          1.166       621.12859      -1360.2416
          1.168       623.84907      -1360.2416
           1.17       626.56955      -1360.2416
          1.172       629.29004      -1360.2416
          1.174       632.01052      -1360.2416
          1.176         634.731      -1360.2416
          1.178       637.45149      -1360.2416
           1.18       640.17197      -1360.2416
          1.182       642.89245      -1360.2416
          1.184       645.61294      -1360.2416
          1.186       648.33342      -1360.2416
          1.188        651.0539      -1360.2416
           1.19       653.77439      -1360.2416
          1.192       656.49487      -1360.2416
          1.194       659.21535      -1360.2416
          1.196       661.93584      -1360.2416
          1.198       664.65632      -1360.2416
            1.2        667.3768      -1360.2416
          1.202       670.09729      -1360.2416
          1.204       672.81777      -1360.2416
          1.206       675.53825      -1360.2416
          1.208       678.25874      -1360.2416
           1.21       680.97922      -1360.2416
          1.212        683.6997      -1360.2416
          1.214       686.42019      -1360.2416
          1.216       689.14067      -1360.2416
          1.218       691.86115      -1360.2416
           1.22       694.58164      -1360.2416
          1.222       697.30212      -1360.2416
          1.224        700.0226      -1360.2416
          1.226       702.74308      -1360.2416
          1.228       705.46357      -1360.2416
           1.23       708.18405      -1360.2416
          1.232       710.90453      -1360.2416
          1.234       713.62502      -1360.2416
          1.236        716.3455      -1360.2416
          1.238       719.06598      -1360.2416
           1.24       721.78647      -1360.2416
          1.242       724.50695      -1360.2416
          1.244       727.22743      -1360.2416
          1.246       729.94792      -1360.2416
          1.248        732.6684      -1360.2416
           1.25       735.38888      -1360.2416
          1.252       738.10937      -1360.2416
          1.254       740.82985      -1360.2416
          1.256       743.55033      -1360.2416
          1.258       746.27082      -1360.2416
           1.26        748.9913      -1360.2416
          1.262       751.71178      -1360.2416
          1.264       754.43227      -1360.2416
          1.266       757.15275      -1360.2416
          1.268       759.87323      -1360.2416
           1.27       762.59372      -1360.2416
          1.272        765.3142      -1360.2416
          1.274       768.03468      -1360.2416
          1.276       770.75517      -1360.2416
          1.278       773.47565      -1360.2416
           1.28       776.19613      -1360.2416
          1.282       778.91662      -1360.2416
          1.284        781.6371      -1360.2416
          1.286       784.35758      -1360.2416
          1.288       787.07807      -1360.2416
           1.29       789.79855      -1360.2416
          1.292       792.51903      -1360.2416
          1.294       795.23952      -1360.2416
          1.296          797.96      -1360.2416
          1.298       800.68048      -1360.2416
            1.3       803.40097      -1360.2416
          1.302       806.12145      -1360.2416
          1.304       808.84193      -1360.2416
          1.306       811.56242      -1360.2416
          1.308        814.2829      -1360.2416
           1.31       817.00338      -1360.2416
          1.312       819.72387      -1360.2416
          1.314       822.44435      -1360.2416
          1.316       825.16483      -1360.2416
          1.318       827.88532      -1360.2416
           1.32        830.6058      -1360.2416
          1.322       833.32628      -1360.2416
          1.324       836.04677      -1360.2416
          1.326       838.76725      -1360.2416
          1.328       841.48773      -1360.2416
           1.33       844.20822      -1360.2416
          1.332        846.9287      -1360.2416
          1.334       849.64918      -1360.2416
          1.336       852.36967      -1360.2416
          1.338       855.09015      -1360.2416
           1.34       857.81063      -1360.2416
          1.342       860.53112      -1360.2416
          1.344        863.2516      -1360.2416
          1.346       865.97208      -1360.2416
          1.348       868.69256      -1360.2416
           1.35       871.41305      -1360.2416
          1.352       874.13353      -1360.2416
          1.354       876.85401      -1360.2416
          1.356        879.5745      -1360.2416
          1.358       882.29498      -1360.2416
           1.36       885.01546      -1360.2416
          1.362       887.73595      -1360.2416
          1.364       890.45643      -1360.2416
          1.366       893.17691      -1360.2416
          1.368        895.8974      -1360.2416
           1.37       898.61788      -1360.2416
          1.372       901.33836      -1360.2416
          1.374       904.05885      -1360.2416
          1.376       906.77933      -1360.2416
          1.378       909.49981      -1360.2416
           1.38        912.2203      -1360.2416
          1.382       914.94078      -1360.2416
          1.384       917.66126      -1360.2416
          1.386       920.38175      -1360.2416
          1.388       923.10223      -1360.2416
           1.39       925.82271      -1360.2416
          1.392        928.5432      -1360.2416
          1.394       931.26368      -1360.2416
          1.396       933.98416      -1360.2416
          1.398       936.70465      -1360.2416
            1.4       939.42513      -1360.2416
          1.402       942.14561      -1360.2416
          1.404        944.8661      -1360.2416
          1.406       947.58658      -1360.2416
          1.408       950.30706      -1360.2416
           1.41       953.02755      -1360.2416
          1.412       955.74803      -1360.2416
          1.414       958.46851      -1360.2416
          1.416         961.189      -1360.2416
          1.418       963.90948      -1360.2416
           1.42       966.62996      -1360.2416
          1.422       969.35045      -1360.2416
          1.424       972.07093      -1360.2416
          1.426       974.79141      -1360.2416
          1.428        977.5119      -1360.2416
           1.43       980.23238      -1360.2416
          1.432       982.95286      -1360.2416
          1.434       985.67335      -1360.2416
          1.436       988.39383      -1360.2416
          1.438       991.11431      -1360.2416
           1.44        993.8348      -1360.2416
          1.442       996.55528      -1360.2416
          1.444       999.27576      -1360.2417
          1.446       1001.9962      -1360.2416
          1.448       1004.7167      -1360.2415
           1.45       1007.4372      -1360.2415
          1.452       1010.1577      -1360.2417
          1.454       1012.8782      -1360.2417
          1.456       1015.5987      -1360.2415
          1.458       1018.3191      -1360.2417
           1.46       1021.0396      -1360.2417
          1.462       1023.7601      -1360.2415
          1.464       1026.4806      -1360.2415
          1.466       1029.2011      -1360.2417
          1.468       1031.9216      -1360.2417
           1.47        1034.642      -1360.2415
          1.472       1037.3625      -1360.2417
          1.474        1040.083      -1360.2417
          1.476       1042.8035      -1360.2415
          1.478        1045.524      -1360.2415
           1.48       1048.2445      -1360.2417
          1.482       1050.9649      -1360.2417
          1.484       1053.6854      -1360.2415
          1.486       1056.4059      -1360.2417
          1.488       1059.1264      -1360.2417
           1.49       1061.8469      -1360.2415
          1.492       1064.5674      -1360.2415
          1.494       1067.2878      -1360.2417
          1.496       1070.0083      -1360.2417
          1.498       1072.7288      -1360.2415
            1.5       1075.4493      -1360.2415
          1.502       1078.1698      -1360.2417
          1.504       1080.8903      -1360.2417
          1.506       1083.6107      -1360.2415
          1.508       1086.3312      -1360.2417
           1.51       1089.0517      -1360.2417
          1.512       1091.7722      -1360.2415
          1.514       1094.4927      -1360.2415
          1.516       1097.2132      -1360.2417
          1.518       1099.9336      -1360.2417
           1.52       1102.6541      -1360.2415
          1.522       1105.3746      -1360.2417
          1.524       1108.0951      -1360.2417
          1.526       1110.8156      -1360.2415
          1.528       1113.5361      -1360.2415
           1.53       1116.2565      -1360.2417
          1.532        1118.977      -1360.2417
          1.534       1121.6975      -1360.2415
          1.536        1124.418      -1360.2417
          1.538       1127.1385      -1360.2417
           1.54        1129.859      -1360.2415
          1.542       1132.5794      -1360.2415
          1.544       1135.2999      -1360.2417
          1.546       1138.0204      -1360.2417
          1.548       1140.7409      -1360.2415
           1.55       1143.4614      -1360.2415
          1.552       1146.1819      -1360.2417
          1.554       1148.9023      -1360.2417
          1.556       1151.6228      -1360.2415
          1.558       1154.3433      -1360.2417
           1.56       1157.0638      -1360.2417
          1.562       1159.7843      -1360.2415
          1.564       1162.5048      -1360.2415
          1.566       1165.2252      -1360.2417
          1.568       1167.9457      -1360.2417
           1.57       1170.6662      -1360.2415
          1.572       1173.3867      -1360.2417
          1.574       1176.1072      -1360.2417
          1.576       1178.8277      -1360.2415
          1.578       1181.5481      -1360.2415
           1.58       1184.2686      -1360.2417
          1.582       1186.9891      -1360.2417
          1.584       1189.7096      -1360.2415
          1.586       1192.4301      -1360.2417
          1.588       1195.1506      -1360.2417
           1.59        1197.871      -1360.2415
          1.592       1200.5915      -1360.2415
          1.594        1203.312      -1360.2417
          1.596       1206.0325      -1360.2417
          1.598        1208.753      -1360.2415
            1.6       1211.4735      -1360.2415
          1.602       1214.1939      -1360.2417
          1.604       1216.9144      -1360.2417
          1.606       1219.6349      -1360.2415
          1.608       1222.3554      -1360.2417
           1.61       1225.0759      -1360.2417
          1.612       1227.7964      -1360.2415
          1.614       1230.5168      -1360.2415
          1.616       1233.2373      -1360.2417
          1.618       1235.9578      -1360.2417
           1.62       1238.6783      -1360.2415
          1.622       1241.3988      -1360.2417
          1.624       1244.1193      -1360.2417
          1.626       1246.8397      -1360.2415
          1.628       1249.5602      -1360.2415
           1.63       1252.2807      -1360.2417
          1.632       1255.0012      -1360.2417
          1.634       1257.7217      -1360.2415
          1.636       1260.4422      -1360.2417
          1.638       1263.1626      -1360.2417
           1.64       1265.8831      -1360.2415
          1.642       1268.6036      -1360.2415
          1.644       1271.3241      -1360.2417
          1.646       1274.0446      -1360.2417
          1.648       1276.7651      -1360.2415
           1.65       1279.4855      -1360.2415
          1.652        1282.206      -1360.2417
          1.654       1284.9265      -1360.2417
          1.656        1287.647      -1360.2415
          1.658       1290.3675      -1360.2417
           1.66        1293.088      -1360.2417
          1.662       1295.8084      -1360.2415
          1.664       1298.5289      -1360.2415
          1.666       1301.2494      -1360.2417
          1.668       1303.9699      -1360.2417
           1.67       1306.6904      -1360.2415
          1.672       1309.4109      -1360.2417
          1.674       1312.1313      -1360.2417
          1.676       1314.8518      -1360.2415
          1.678       1317.5723      -1360.2415
           1.68       1320.2928      -1360.2417
          1.682       1323.0133      -1360.2417
          1.684       1325.7338      -1360.2415
          1.686       1328.4542      -1360.2417
          1.688       1331.1747      -1360.2417
           1.69       1333.8952      -1360.2415
          1.692       1336.6157      -1360.2415
          1.694       1339.3362      -1360.2417
          1.696       1342.0567      -1360.2417
          1.698       1344.7771      -1360.2415
            1.7       1347.4976      -1360.2415
          1.702       1350.2181      -1360.2417
          1.704       1352.9386      -1360.2417
          1.706       1355.6591      -1360.2415
          1.708       1358.3796      -1360.2417
           1.71          1361.1      -1360.2417
          1.712       1363.8205      -1360.2415
          1.714        1366.541      -1360.2415
          1.716       1369.2615      -1360.2417
          1.718        1371.982      -1360.2417
           1.72       1374.7025      -1360.2415
          1.722       1377.4229      -1360.2417
          1.724       1380.1434      -1360.2417
          1.726       1382.8639      -1360.2415
          1.728       1385.5844      -1360.2415
           1.73       1388.3049      -1360.2417
          1.732       1391.0254      -1360.2417
          1.734       1393.7458      -1360.2415
          1.736       1396.4663      -1360.2417
          1.738       1399.1868      -1360.2417
           1.74       1401.9073      -1360.2415
          1.742       1404.6278      -1360.2415
          1.744       1407.3483      -1360.2417
          1.746       1410.0687      -1360.2417
          1.748       1412.7892      -1360.2415
           1.75       1415.5097      -1360.2415
          1.752       1418.2302      -1360.2417
          1.754       1420.9507      -1360.2417
          1.756       1423.6712      -1360.2415
          1.758       1426.3916      -1360.2417
           1.76       1429.1121      -1360.2417
          1.762       1431.8326      -1360.2415
          1.764       1434.5531      -1360.2415
          1.766       1437.2736      -1360.2417
          1.768       1439.9941      -1360.2417
           1.77       1442.7145      -1360.2415
          1.772        1445.435      -1360.2417
          1.774       1448.1555      -1360.2417
          1.776        1450.876      -1360.2415
          1.778       1453.5965      -1360.2415
           1.78        1456.317      -1360.2417
          1.782       1459.0374      -1360.2417
          1.784       1461.7579      -1360.2415
          1.786       1464.4784      -1360.2417
          1.788       1467.1989      -1360.2417
           1.79       1469.9194      -1360.2415
          1.792       1472.6399      -1360.2415
          1.794       1475.3603      -1360.2417
          1.796       1478.0808      -1360.2417
          1.798       1480.8013      -1360.2415
            1.8       1483.5218      -1360.2415
          1.802       1486.2423      -1360.2417
          1.804       1488.9628      -1360.2417
          1.806       1491.6832      -1360.2415
          1.808       1494.4037      -1360.2417
           1.81       1497.1242      -1360.2417
          1.812       1499.8447      -1360.2415
          1.814       1502.5652      -1360.2415
          1.816       1505.2857      -1360.2417
          1.818       1508.0061      -1360.2417
           1.82       1510.7266      -1360.2415
          1.822       1513.4471      -1360.2417
          1.824       1516.1676      -1360.2417
          1.826       1518.8881      -1360.2415
          1.828       1521.6086      -1360.2415
           1.83        1524.329      -1360.2417
          1.832       1527.0495      -1360.2417
          1.834         1529.77      -1360.2415
          1.836       1532.4905      -1360.2417
          1.838        1535.211      -1360.2417
           1.84       1537.9315      -1360.2415
          1.842       1540.6519      -1360.2415
          1.844       1543.3724      -1360.2417
          1.846       1546.0929      -1360.2417
          1.848       1548.8134      -1360.2415
           1.85       1551.5339      -1360.2415
          1.852       1554.2544      -1360.2417
          1.854       1556.9748      -1360.2417
          1.856       1559.6953      -1360.2415
          1.858       1562.4158      -1360.2417
           1.86       1565.1363      -1360.2417
          1.862       1567.8568      -1360.2415
          1.864       1570.5773      -1360.2415
          1.866       1573.2977      -1360.2417
          1.868       1576.0182      -1360.2417
           1.87       1578.7387      -1360.2415
          1.872       1581.4592      -1360.2417
          1.874       1584.1797      -1360.2417
          1.876       1586.9002      -1360.2415
          1.878       1589.6206      -1360.2415
           1.88       1592.3411      -1360.2417
          1.882       1595.0616      -1360.2417
          1.884       1597.7821      -1360.2415
          1.886       1600.5026      -1360.2417
          1.888       1603.2231      -1360.2417
           1.89       1605.9435      -1360.2415
          1.892        1608.664      -1360.2415
          1.894       1611.3845      -1360.2417
          1.896        1614.105      -1360.2417
          1.898       1616.8255      -1360.2415
            1.9       1619.5459      -1360.2415
          1.902       1622.2664      -1360.2417
          1.904       1624.9869      -1360.2417
          1.906       1627.7074      -1360.2415
          1.908       1630.4279      -1360.2417
           1.91       1633.1484      -1360.2417
          1.912       1635.8689      -1360.2415
          1.914       1638.5893      -1360.2415
          1.916       1641.3098      -1360.2417
          1.918       1644.0303      -1360.2417
           1.92       1646.7508      -1360.2415
          1.922       1649.4713      -1360.2417
          1.924       1652.1917      -1360.2417
          1.926       1654.9122      -1360.2415
          1.928       1657.6327      -1360.2415
           1.93       1660.3532      -1360.2417
          1.932       1663.0737      -1360.2417
          1.934       1665.7942      -1360.2415
          1.936       1668.5146      -1360.2417
          1.938       1671.2351      -1360.2417
           1.94       1673.9556      -1360.2415
          1.942       1676.6761      -1360.2415
          1.944       1679.3966      -1360.2417
          1.946       1682.1171      -1360.2417
          1.948       1684.8375      -1360.2415
           1.95        1687.558      -1360.2415
          1.952       1690.2785      -1360.2417
          1.954        1692.999      -1360.2417
          1.956       1695.7195      -1360.2415
          1.958         1698.44      -1360.2417
           1.96       1701.1604      -1360.2417
          1.962       1703.8809      -1360.2415
          1.964       1706.6014      -1360.2415
          1.966       1709.3219      -1360.2417
          1.968       1712.0424      -1360.2417
           1.97       1714.7629      -1360.2415
          1.972       1717.4833      -1360.2417
          1.974       1720.2038      -1360.2417
          1.976       1722.9243      -1360.2415
          1.978       1725.6448      -1360.2415
           1.98       1728.3653      -1360.2417
          1.982       1731.0858      -1360.2417
          1.984       1733.8062      -1360.2415
          1.986       1736.5267      -1360.2417
          1.988       1739.2472      -1360.2417
           1.99       1741.9677      -1360.2415
          1.992       1744.6882      -1360.2415
          1.994       1747.4087      -1360.2417
          1.996       1750.1291      -1360.2417
          1.998       1752.8496      -1360.2415
              2       1755.5701      -1360.2415
          2.002       1758.2906      -1360.2417
          2.004       1761.0111      -1360.2417
          2.006       1763.7316      -1360.2415
          2.008        1766.452      -1360.2417
           2.01       1769.1725      -1360.2417
          2.012        1771.893      -1360.2415
          2.014       1774.6135      -1360.2415
          2.016        1777.334      -1360.2417
          2.018       1780.0545      -1360.2417
           2.02       1782.7749      -1360.2415
          2.022       1785.4954      -1360.2417
          2.024       1788.2159      -1360.2417
          2.026       1790.9364      -1360.2415
          2.028       1793.6569      -1360.2415
           2.03       1796.3774      -1360.2417
          2.032       1799.0978      -1360.2417
          2.034       1801.8183      -1360.2415
          2.036       1804.5388      -1360.2417
          2.038       1807.2593      -1360.2417
           2.04       1809.9798      -1360.2415
          2.042       1812.7003      -1360.2415
          2.044       1815.4207      -1360.2417
          2.046       1818.1412      -1360.2417
          2.048       1820.8617      -1360.2415
           2.05       1823.5822      -1360.2415
          2.052       1826.3027      -1360.2417
          2.054       1829.0232      -1360.2417
          2.056       1831.7436      -1360.2415
          2.058       1834.4641      -1360.2417
           2.06       1837.1846      -1360.2417
          2.062       1839.9051      -1360.2415
          2.064       1842.6256      -1360.2415
          2.066       1845.3461      -1360.2417
          2.068       1848.0665      -1360.2417
           2.07        1850.787      -1360.2415
          2.072       1853.5075      -1360.2417
          2.074        1856.228      -1360.2417
          2.076       1858.9485      -1360.2415
          2.078        1861.669      -1360.2415
           2.08       1864.3894      -1360.2417
          2.082       1867.1099      -1360.2417
          2.084       1869.8304      -1360.2415
          2.086       1872.5509      -1360.2417
          2.088       1875.2714      -1360.2417
           2.09       1877.9919      -1360.2415
          2.092       1880.7123      -1360.2415
          2.094       1883.4328      -1360.2417
          2.096       1886.1533      -1360.2417
          2.098       1888.8738      -1360.2415
            2.1       1891.5943      -1360.2415
          2.102       1894.3148      -1360.2417
          2.104       1897.0352      -1360.2417
          2.106       1899.7557      -1360.2415
          2.108       1902.4762      -1360.2417
           2.11       1905.1967      -1360.2417
          2.112       1907.9172      -1360.2415
          2.114       1910.6377      -1360.2415
          2.116       1913.3581      -1360.2417
          2.118       1916.0786      -1360.2417
           2.12       1918.7991      -1360.2415
          2.122       1921.5196      -1360.2417
          2.124       1924.2401      -1360.2417
          2.126       1926.9606      -1360.2415
          2.128        1929.681      -1360.2415
           2.13       1932.4015      -1360.2417
          2.132        1935.122      -1360.2417
          2.134       1937.8425      -1360.2415
          2.136        1940.563      -1360.2417
          2.138       1943.2835      -1360.2417
           2.14       1946.0039      -1360.2415
          2.142       1948.7244      -1360.2415
          2.144       1951.4449      -1360.2417
          2.146       1954.1654      -1360.2417
          2.148       1956.8859      -1360.2415
           2.15       1959.6064      -1360.2415
          2.152       1962.3268      -1360.2417
          2.154       1965.0473      -1360.2417
          2.156       1967.7678      -1360.2415
          2.158       1970.4883      -1360.2417
           2.16       1973.2088      -1360.2417
          2.162       1975.9293      -1360.2415
          2.164       1978.6497      -1360.2415
          2.166       1981.3702      -1360.2417
          2.168       1984.0907      -1360.2417
           2.17       1986.8112      -1360.2415
          2.172       1989.5317      -1360.2417
          2.174       1992.2522      -1360.2417
          2.176       1994.9726      -1360.2415
          2.178       1997.6931      -1360.2415
           2.18       2000.4136      -1360.2417
          2.182       2003.1341      -1360.2417
          2.184       2005.8546      -1360.2415
          2.186       2008.5751      -1360.2417
          2.188       2011.2955      -1360.2417
           2.19        2014.016      -1360.2415
          2.192       2016.7365      -1360.2415
          2.194        2019.457      -1360.2417
          2.196       2022.1775      -1360.2417
          2.198        2024.898      -1360.2415
            2.2       2027.6184      -1360.2415
          2.202       2030.3389      -1360.2417
          2.204       2033.0594      -1360.2417
          2.206       2035.7799      -1360.2415
          2.208       2038.5004      -1360.2417
           2.21       2041.2209      -1360.2417
          2.212       2043.9413      -1360.2415
          2.214       2046.6618      -1360.2415
          2.216       2049.3823      -1360.2417
          2.218       2052.1028      -1360.2417
           2.22       2054.8233      -1360.2415
          2.222       2057.5438      -1360.2417
          2.224       2060.2642      -1360.2417
          2.226       2062.9847      -1360.2415
          2.228       2065.7052      -1360.2415
           2.23       2068.4257      -1360.2417
          2.232       2071.1462      -1360.2417
          2.234       2073.8667      -1360.2415
          2.236       2076.5871      -1360.2417
          2.238       2079.3076      -1360.2417
           2.24       2082.0281      -1360.2415
          2.242       2084.7486      -1360.2415
          2.244       2087.4691      -1360.2417
          2.246       2090.1896      -1360.2417
          2.248         2092.91      -1360.2415
           2.25       2095.6305      -1360.2415
          2.252        2098.351      -1360.2417
          2.254       2101.0715      -1360.2417
          2.256        2103.792      -1360.2415
          2.258       2106.5125      -1360.2417
           2.26       2109.2329      -1360.2417
          2.262       2111.9534      -1360.2415
          2.264       2114.6739      -1360.2415
          2.266       2117.3944      -1360.2417
          2.268       2120.1149      -1360.2417
           2.27       2122.8354      -1360.2415
          2.272       2125.5558      -1360.2417
          2.274       2128.2763      -1360.2417
          2.276       2130.9968      -1360.2415
          2.278       2133.7173      -1360.2415
           2.28       2136.4378      -1360.2417
          2.282       2139.1583      -1360.2417
          2.284       2141.8787      -1360.2415
          2.286       2144.5992      -1360.2417
          2.288       2147.3197      -1360.2417
           2.29       2150.0402      -1360.2415
          2.292       2152.7607      -1360.2415
          2.294       2155.4812      -1360.2417
          2.296       2158.2016      -1360.2417
          2.298       2160.9221      -1360.2415
            2.3       2163.6426      -1360.2415
          2.302       2166.3631      -1360.2417
          2.304       2169.0836      -1360.2417
          2.306       2171.8041      -1360.2415
          2.308       2174.5245      -1360.2417
           2.31        2177.245      -1360.2417
          2.312       2179.9655      -1360.2415
          2.314        2182.686      -1360.2415
          2.316       2185.4065      -1360.2417
          2.318        2188.127      -1360.2417
           2.32       2190.8474      -1360.2415
          2.322       2193.5679      -1360.2417
          2.324       2196.2884      -1360.2417
          2.326       2199.0089      -1360.2415
          2.328       2201.7294      -1360.2415
           2.33       2204.4499      -1360.2417
          2.332       2207.1703      -1360.2417
          2.334       2209.8908      -1360.2415
          2.336       2212.6113      -1360.2417
          2.338       2215.3318      -1360.2417
           2.34       2218.0523      -1360.2415
          2.342       2220.7728      -1360.2415
          2.344       2223.4932      -1360.2417
          2.346       2226.2137      -1360.2417
          2.348       2228.9342      -1360.2415
           2.35       2231.6547      -1360.2415
          2.352       2234.3752      -1360.2417
          2.354       2237.0957      -1360.2417
          2.356       2239.8161      -1360.2415
          2.358       2242.5366      -1360.2417
           2.36       2245.2571      -1360.2417
          2.362       2247.9776      -1360.2415
          2.364       2250.6981      -1360.2415
          2.366       2253.4186      -1360.2417
          2.368        2256.139      -1360.2417
           2.37       2258.8595      -1360.2415
          2.372         2261.58      -1360.2417
          2.374       2264.3005      -1360.2417
          2.376        2267.021      -1360.2415
          2.378       2269.7415      -1360.2415
           2.38       2272.4619      -1360.2417
          2.382       2275.1824      -1360.2417
          2.384       2277.9029      -1360.2415
          2.386       2280.6234      -1360.2417
          2.388       2283.3439      -1360.2417
           2.39       2286.0644      -1360.2415
          2.392       2288.7848      -1360.2415
          2.394       2291.5053      -1360.2417
          2.396       2294.2258      -1360.2417
          2.398       2296.9463      -1360.2415
            2.4       2299.6668      -1360.2415
          2.402       2302.3873      -1360.2417
          2.404       2305.1077      -1360.2417
          2.406       2307.8282      -1360.2415
          2.408       2310.5487      -1360.2417
           2.41       2313.2692      -1360.2417
          2.412       2315.9897      -1360.2415
          2.414       2318.7102      -1360.2415
          2.416       2321.4306      -1360.2417
          2.418       2324.1511      -1360.2417
           2.42       2326.8716      -1360.2415
          2.422       2329.5921      -1360.2417
          2.424       2332.3126      -1360.2417
          2.426       2335.0331      -1360.2415
          2.428       2337.7535      -1360.2415
           2.43        2340.474      -1360.2417
          2.432       2343.1945      -1360.2417
          2.434        2345.915      -1360.2415
          2.436       2348.6355      -1360.2417
          2.438        2351.356      -1360.2417
           2.44       2354.0764      -1360.2415
          2.442       2356.7969      -1360.2415
          2.444       2359.5174      -1360.2417
          2.446       2362.2379      -1360.2417
          2.448       2364.9584      -1360.2415
           2.45       2367.6789      -1360.2415
          2.452       2370.3993      -1360.2417
          2.454       2373.1198      -1360.2417
          2.456       2375.8403      -1360.2415
          2.458       2378.5608      -1360.2417
           2.46       2381.2813      -1360.2417
          2.462       2384.0018      -1360.2415
          2.464       2386.7222      -1360.2415
          2.466       2389.4427      -1360.2417
          2.468       2392.1632      -1360.2417
           2.47       2394.8837      -1360.2415
          2.472       2397.6042      -1360.2417
          2.474       2400.3247      -1360.2417
          2.476       2403.0451      -1360.2415
          2.478       2405.7656      -1360.2415
           2.48       2408.4861      -1360.2417
          2.482       2411.2066      -1360.2417
          2.484       2413.9271      -1360.2415
          2.486       2416.6476      -1360.2417
          2.488        2419.368      -1360.2417
           2.49       2422.0885      -1360.2415
          2.492        2424.809      -1360.2415
          2.494       2427.5295      -1360.2417
          2.496         2430.25      -1360.2417
          2.498       2432.9705      -1360.2415
            2.5       2435.6909               0
