              0       2441.8863               0
   0.0087266463       2379.4808       7147.7787
    0.017453293       2317.1341       7138.9586
    0.026179939       2254.8825       7125.9615
    0.034906585       2192.7626       7108.7877
    0.043633231       2130.8108        7087.437
    0.052359878       2069.0635       7061.9094
    0.061086524       2007.5572       7032.2048
     0.06981317       1946.3283       6998.3235
    0.078539816       1885.4134       6960.2653
    0.087266463       1824.8488       6918.0302
    0.095993109        1764.671       6871.6182
     0.10471976       1704.9164       6821.0293
      0.1134464       1645.6216       6766.2636
     0.12217305       1586.8229        6707.321
     0.13089969       1528.5567       6644.2015
     0.13962634       1470.8597       6576.9052
     0.14835299       1413.7681        6505.432
     0.15707963       1357.3185       6429.7819
     0.16580628       1301.5472        6349.955
     0.17453293       1246.4908       6265.9511
     0.18325957       1192.1857       6177.7705
     0.19198622       1138.6684       6085.4129
     0.20071286       1085.9752       5988.8785
     0.20943951       1034.1427       5888.1672
     0.21816616       983.20734        5783.279
      0.2268928       933.20549       5674.2139
     0.23561945       884.17363        5560.972
      0.2443461       836.14822       5443.5532
     0.25307274        789.1657       5321.9575
     0.26179939       743.26254        5196.185
     0.27052603       698.47517       5066.2356
     0.27925268       654.84004       4932.1093
     0.28797933       612.39362       4793.8061
     0.29670597       571.17234       4651.3261
     0.30543262       531.21267       4504.6692
     0.31415927       492.55103       4353.8354
     0.32288591        455.2239       4198.8248
     0.33161256       419.26772       4039.6373
      0.3403392       384.71893       3876.2729
     0.34906585       351.61399       3708.7316
      0.3577925       319.98935       3537.0135
     0.36651914       289.88146       3361.1185
     0.37524579       261.32677       3181.0466
     0.38397244       234.36173       2996.7979
     0.39269908       209.02278       2808.3722
     0.40142573       185.34638       2615.7698
     0.41015237       163.36899       2418.9904
     0.41887902       143.12704       2218.0341
     0.42760567       124.65699        2012.901
     0.43633231       107.99529       1803.5911
     0.44505896       93.178384       1590.1042
     0.45378561       80.242731       1372.4405
     0.46251225       69.224778       1150.5999
      0.4712389       60.160975       924.58243
     0.47996554       53.087771       694.38809
     0.48869219       48.041616       460.01688
     0.49741884       45.058962       251.26444
     0.50614548       43.656225       154.25679
     0.51487213       42.366673       146.51248
     0.52359878       41.099099       143.99288
     0.53232542       39.853523        141.4712
     0.54105207       38.629961       138.94742
     0.54977871       37.428433       136.42157
     0.55850536       36.248956       133.89363
     0.56723201       35.091548        131.3636
     0.57595865       33.956228       128.83149
      0.5846853       32.843014        126.2973
     0.59341195       31.751925       123.76102
     0.60213859       30.682977       121.22266
     0.61086524        29.63619       118.68221
     0.61959188       28.611582       116.13967
     0.62831853        27.60917       113.59506
     0.63704518       26.628974       111.04835
     0.64577182       25.671011       108.49957
     0.65449847       24.735299       105.94869
     0.66322512       23.821857       103.39574
     0.67195176       22.930703        100.8407
     0.68067841       22.061855        98.28357
     0.68940505       21.215331        95.72436
      0.6981317        20.39115       93.163065
     0.70685835       19.589329       90.599684
     0.71558499       18.809887        88.03422
     0.72431164       18.052842       85.466671
     0.73303829       17.318212       82.897037
     0.74176493       16.606016       80.325318
     0.75049158       15.916271       77.751515
     0.75921822       15.248996       75.175627
     0.76794487       14.604209       72.597654
     0.77667152       13.981928       70.017597
     0.78539816       13.382171       67.435455
     0.79412481       12.804957       64.851228
     0.80285146       12.250304       62.264917
      0.8115781       11.718229       59.676521
     0.82030475       11.208752        57.08604
     0.82903139        10.72189       54.493475
     0.83775804       10.257662       51.898825
     0.84648469       9.8160847       49.302091
     0.85521133       9.3971777       46.703271
     0.86393798       9.0009588       44.102367
     0.87266463       8.6274462       41.499378
     0.88139127       8.2766581       38.894305
     0.89011792       7.9486125       36.287147
     0.89884456       7.6433279       33.677905
     0.90757121       7.3608222       31.066577
     0.91629786       7.1011138       28.453165
      0.9250245       6.8642208       25.837668
     0.93375115       6.6501614       23.220087
      0.9424778       6.4589538       20.600421
     0.95120444       6.2906163        17.97867
     0.95993109       6.1451669       15.354835
     0.96865773       6.0226238       12.728915
     0.97738438       5.9230054        10.10091
     0.98611103       5.8463297       7.4708208
     0.99483767        5.792615       4.9473055
      1.0035643       5.7599829       3.4972318
       1.012291       5.7315768       3.2416353
      1.0210176       5.7034057       3.2154414
      1.0297443       5.6754567       3.1907447
      1.0384709       5.6477167        3.167545
      1.0471976       5.6201726       3.1458437
      1.0559242       5.5928114       3.1256395
      1.0646508       5.5656199       3.1069324
      1.0733775       5.5385852        3.089723
      1.0821041       5.5116941       3.0740114
      1.0908308       5.4849336       3.0597975
      1.0995574       5.4582906       3.0470807
      1.1082841        5.431752        3.035861
      1.1170107       5.4053048       3.0261396
      1.1257374       5.3789359        3.017916
       1.134464       5.3526322       3.0111894
      1.1431907       5.3263807       3.0059595
      1.1519173       5.3001683       3.0022278
       1.160644       5.2739819       2.9999944
      1.1693706       5.2478085       2.9992582
      1.1780972        5.221635       3.0000185
      1.1868239       5.1954483       3.0022771
      1.1955505       5.1692354       3.0060334
      1.2042772       5.1429832       3.0112863
      1.2130038       5.1166785       3.0180374
      1.2217305       5.0903085       3.0262863
      1.2304571       5.0638599       3.0360323
      1.2391838       5.0373197        3.047276
      1.2479104       5.0106749       3.0600169
      1.2566371       4.9839123       3.0742555
      1.2653637        4.957019       3.0899918
      1.2740904       4.9299818       3.1072252
       1.282817       4.9027877       3.1259569
      1.2915436       4.8754236       3.1461857
      1.3002703       4.8478764       3.1679112
      1.3089969       4.8201331       3.1911348
      1.3177236       4.7921806       3.2158568
      1.3264502       4.7640058       3.2420754
      1.3351769       4.7355957       3.2697911
      1.3439035       4.7069372        3.299005
      1.3526302       4.6780172       3.3297167
      1.3613568       4.6488227       3.3619255
      1.3700835       4.6193405       3.3956315
      1.3788101       4.5895577       3.4308358
      1.3875368       4.5594611       3.4675371
      1.3962634       4.5290378       3.5057357
        1.40499       4.4982745       3.5454325
      1.4137167       4.4671583       3.5866264
      1.4224433       4.4356761       3.6293175
        1.43117       4.4038148       3.6735063
      1.4398966       4.3715613       3.7191934
      1.4486233       4.3389026        3.766377
      1.4573499       4.3058256       3.8150584
      1.4660766       4.2723173        3.865238
      1.4748032       4.2383645       3.9169142
      1.4835299       4.2039542       3.9700882
      1.4922565       4.1690734       4.0246429
      1.5009832       4.1337109        4.069262
      1.5097098       4.0980514       4.0957126
      1.5184364       4.0622273       4.1140524
      1.5271631       4.0262476       4.1313729
      1.5358897       3.9901212       4.1476736
      1.5446164        3.953857       4.1629555
       1.553343       3.9174639       4.1772181
      1.5620697       3.8809508       4.1904615
      1.5707963       3.8443266       4.2026861
       1.579523       3.8076001       4.2138914
      1.5882496       3.7707803       4.2240775
      1.5969763       3.7338761       4.2332437
      1.6057029       3.6968963       4.2413906
      1.6144296       3.6598498       4.2485193
      1.6231562       3.6227456       4.2546282
      1.6318829       3.5855925       4.2597178
      1.6406095       3.5483995       4.2637886
      1.6493361       3.5111754       4.2668396
      1.6580628       3.4739291       4.2688719
      1.6667894       3.4366695       4.2698849
      1.6755161       3.3994056        4.269878
      1.6842427       3.3621461       4.2688524
      1.6929694          3.3249       4.2668081
       1.701696       3.2876763       4.2637439
      1.7104227       3.2504837       4.2596605
      1.7191493       3.2133312       4.2545583
       1.727876       3.1762276       4.2484368
      1.7366026       3.1391819       4.2412954
      1.7453293        3.102203       4.2331354
      1.7540559       3.0652998       4.2239566
      1.7627825       3.0284811       4.2137579
      1.7715092       2.9917558       4.2025394
      1.7802358       2.9551329       4.1903028
      1.7889625       2.9186213       4.1770468
      1.7976891       2.8822297        4.162771
      1.8064158       2.8459672       4.1474765
      1.8151424       2.8098426       4.1311626
      1.8238691       2.7738648       4.1138295
      1.8325957       2.7380427       4.0954771
      1.8413224       2.7023852       4.0761054
       1.850049       2.6669013        4.055715
      1.8587757       2.6315997       4.0343053
      1.8675023       2.5964894       4.0118757
      1.8762289       2.5615792       3.9884274
      1.8849556       2.5268782       3.9639598
      1.8936822       2.4923951       3.9384723
      1.9024089       2.4581389       3.9119662
      1.9111355       2.4241184       3.8844419
      1.9198622       2.3903426       3.8558971
      1.9285888       2.3568203        3.826333
      1.9373155       2.3235604       3.7957503
      1.9460421       2.2905719       3.7641476
      1.9547688       2.2578637       3.7315269
      1.9634954       2.2254445       3.6978862
      1.9722221       2.1933234       3.6632257
      1.9809487       2.1615092       3.6275471
      1.9896753       2.1300107       3.5908491
       1.998402        2.098837       3.5537999
      2.0071286       2.0679852       3.5180697
      2.0158553       2.0374351       3.4836865
      2.0245819       2.0071834       3.4496477
      2.0333086       1.9772274       3.4159228
      2.0420352       1.9475643       3.3825125
      2.0507619       1.9181914       3.3494167
      2.0594885        1.889106        3.316635
      2.0682152       1.8603052       3.2841683
      2.0769418       1.8317864       3.2520156
      2.0856685       1.8035469       3.2201775
      2.0943951       1.7755837       3.1886534
      2.1031217       1.7478944       3.1574438
      2.1118484       1.7204759       3.1265488
       2.120575       1.6933258       3.0959683
      2.1293017       1.6664411       3.0657024
      2.1380283       1.6398192       3.0357498
       2.146755       1.6134573       3.0061125
      2.1554816       1.5873526       2.9767896
      2.1642083       1.5615025       2.9477813
      2.1729349       1.5359041        2.919087
      2.1816616       1.5105548       2.8907067
      2.1903882       1.4854518       2.8626415
      2.1991149       1.4605923       2.8348909
      2.2078415       1.4359736       2.8074542
      2.2165682        1.411593       2.7803316
      2.2252948       1.3874477        2.753524
      2.2340214       1.3635349       2.7270304
      2.2427481        1.339852       2.7008514
      2.2514747       1.3163962        2.674987
      2.2602014       1.2931647       2.6494365
       2.268928       1.2701548       2.6242011
      2.2776547       1.2473637       2.5992798
      2.2863813       1.2247888       2.5746729
       2.295108       1.2024272       2.5503801
      2.3038346       1.1802763       2.5264018
      2.3125613       1.1583332       2.5027381
      2.3212879       1.1365952       2.4793883
      2.3300146       1.1150597       2.4563537
      2.3387412       1.0937238       2.4336337
      2.3474678       1.0725848        2.411227
      2.3561945       1.0516399       2.3891349
      2.3649211       1.0308865       2.3673579
      2.3736478       1.0103217       2.3458949
      2.3823744      0.98994291       2.3247465
      2.3911011      0.96974726       2.3039126
      2.3998277      0.94973205       2.2833927
      2.4085544      0.92989454       2.2631873
       2.417281      0.91023198       2.2432965
      2.4260077      0.89074163       2.2237197
      2.4347343      0.87142075       2.2044574
       2.443461      0.85226659       2.1855103
      2.4521876       0.8332764       2.1668771
      2.4609142      0.81444745       2.1485574
      2.4696409        0.795777       2.1305527
      2.4783675      0.77726229       2.1128632
      2.4870942      0.75890058       2.0954877
      2.4958208      0.74068913       2.0782182
      2.5045475      0.72262883       2.0598354
      2.5132741      0.70473822        2.040195
      2.5220008      0.68702071       2.0203328
      2.5307274      0.66947676       2.0004191
      2.5394541      0.65210681       1.9804533
      2.5481807      0.63491133       1.9604341
      2.5569074      0.61789078       1.9403628
       2.565634      0.60104561       1.9202394
      2.5743606      0.58437628       1.9000633
      2.5830873      0.56788325       1.8798344
      2.5918139      0.55156698       1.8595534
      2.6005406      0.53542792       1.8392209
      2.6092672      0.51946652        1.818835
      2.6179939      0.50368326       1.7983965
      2.6267205      0.48807858       1.7779064
      2.6354472      0.47265294       1.7573641
      2.6441738      0.45740679       1.7367686
      2.6529005      0.44234061       1.7161203
      2.6616271      0.42745484       1.6954205
      2.6703538      0.41274994       1.6746685
      2.6790804      0.39822636       1.6538633
       2.687807      0.38388458       1.6330059
      2.6965337      0.36972503       1.6120964
      2.7052603      0.35574819       1.5911342
       2.713987       0.3419545       1.5701198
      2.7227136      0.32834443       1.5490533
      2.7314403      0.31491842       1.5279341
      2.7401669      0.30167695       1.5067615
      2.7488936      0.28862047        1.485538
      2.7576202      0.27574942       1.4642618
      2.7663469      0.26306428       1.4429323
      2.7750735       0.2505655       1.4215513
      2.7838002      0.23825353       1.4001175
      2.7925268      0.22612884        1.378631
      2.8012534      0.21419188       1.3570929
      2.8099801       0.2024431       1.3355022
      2.8187067      0.19088297       1.3138587
      2.8274334      0.17951194       1.2921631
        2.83616      0.16833047       1.2704147
      2.8448867      0.15733902       1.2486143
      2.8536133      0.14653804       1.2267617
        2.86234      0.13592799       1.2048563
      2.8710666      0.12550933       1.1828983
      2.8797933      0.11528252       1.1608881
      2.8885199      0.10524801       1.1388258
      2.8972466      0.09540626       1.1167108
      2.9059732      0.08575773       1.0945436
      2.9146999      0.07630287       1.0723237
      2.9234265      0.06704215       1.0500517
      2.9321531      0.05797601        1.027727
      2.9408798      0.04910493       1.0053501
      2.9496064      0.04042934      0.98292113
      2.9583331      0.03194972      0.96043884
      2.9670597      0.02366652      0.93790498
      2.9757864      0.01558019      0.91531841
       2.984513       0.0076912      0.89267913
      2.9932397               0      0.86998771
      3.0019663     -0.00749295      0.84724415
       3.010693      -0.0147872      0.82444845
      3.0194196     -0.02188229      0.80159947
      3.0281463     -0.02877775      0.77869834
      3.0368729     -0.03547314      0.75574508
      3.0455995     -0.04196799      0.73273968
      3.0543262     -0.04826186      0.70968157
      3.0630528     -0.05435427      0.68657017
      3.0717795     -0.06024477      0.66340778
      3.0805061     -0.06593292      0.64019267
      3.0892328     -0.07141824      0.61692428
      3.0979594     -0.07670028      0.59360433
      3.1066861     -0.08177859      0.57023166
      3.1154127      -0.0866527      0.54680628
      3.1241394     -0.09132216      0.52332934
       3.132866     -0.09578652      0.49979968
      3.1415927     -0.10004531               0
