          0.002         1000000               0
          0.004         1000000               0
          0.006         1000000               0
          0.008         1000000               0
           0.01         1000000               0
          0.012         1000000               0
          0.014         1000000               0
          0.016         1000000               0
          0.018         1000000               0
           0.02         1000000        11551147
          0.022       953795.41        25760458
          0.024       896958.17        27571843
          0.026       843508.04        25928750
          0.028       793243.17        24383574
           0.03       745973.74        22930479
          0.032       701521.25        21563979
          0.034       659717.83        20278913
          0.036        620405.6        19070428
          0.038       583436.11        17933961
           0.04       548669.76        16865220
          0.042       515975.23        15860168
          0.044       485229.08        14915010
          0.046       456315.19        14026177
          0.048       429124.38        13190313
           0.05       403553.94        12404260
          0.052       379507.33        11665051
          0.054       356893.74        10969894
          0.056       335627.76        10316163
          0.058       315629.09       9701390.2
           0.06        296822.2       9123253.6
          0.062       279136.07       8579569.9
          0.064       262503.92       8068286.2
          0.066       246862.93       7587471.4
          0.068       232154.03         7135310
           0.07       218321.69       6710094.2
          0.072       205313.66       6310218.4
          0.074       193080.81       5934172.5
          0.076       181576.97       5580536.3
          0.078       170758.67       5247974.5
           0.08       160585.07         4935231
          0.082       151017.74         4641125
          0.084       142020.57       4364545.6
          0.086       133559.56       4104448.5
          0.088       125602.77       3859851.4
           0.09       118120.16       3629830.6
          0.092       111083.45       3413517.5
          0.094       104466.09       3210095.2
          0.096       98243.071       3018795.4
          0.098       92390.905       2838895.9
            0.1       86887.488         2669717
          0.102       81712.036       2510620.1
          0.104       76845.007       2361004.3
          0.106       72268.019       2220304.6
          0.108       67963.789       2087989.6
           0.11       63916.061       1963559.7
          0.112        60109.55       1846544.9
          0.114       56529.881       1736503.5
          0.116       53163.536       1633019.7
          0.118       49997.802       1535702.9
           0.12       47020.724       1444185.5
          0.122        44221.06       1358121.9
          0.124       41588.237       1277187.1
          0.126       39112.312       1201075.5
          0.128       36783.935       1129499.6
           0.13       34594.313       1062189.1
          0.132       32535.178       998889.91
          0.134       30598.754       939362.89
          0.136       28777.727       883383.28
          0.138       27065.221       830739.67
           0.14       25454.768       781233.26
          0.142       23940.287       734677.09
          0.144        22516.06       690895.35
          0.146       21176.706       649722.71
          0.148       19917.169       611003.67
           0.15       18732.691       574592.03
          0.152       17618.801       540350.27
          0.154        16571.29       508149.08
          0.156       15586.204       477866.87
          0.158       14659.823       449389.27
           0.16       13788.647       422608.73
          0.162       12969.388       397424.14
          0.164       12198.951       373740.38
          0.166       11474.426          351468
          0.168       10793.079       330522.91
           0.17       10152.335          310826
          0.172       9549.7747       292302.89
          0.174       8983.1232       274883.64
          0.176       8450.2402       258502.45
          0.178       7949.1134       243097.47
           0.18       7477.8503       228610.52
          0.182       7034.6713        214986.9
          0.184       6617.9027       202175.14
          0.186       6225.9707       190126.89
          0.188       5857.3952       178796.62
           0.19       5510.7842       168141.57
          0.192       5184.8289       158121.48
          0.194       4878.2983       148698.52
          0.196       4590.0348        139837.1
          0.198       4318.9499       131503.76
            0.2       4064.0198       123667.04
          0.202       3824.2818       116297.33
          0.204       3598.8305        109366.8
          0.206       3386.8146       102849.29
          0.208       3187.4333       96720.171
           0.21       2999.9339        90956.31
          0.212       2823.6081       85535.935
          0.214       2657.7901       80438.577
          0.216       2501.8538       75644.987
          0.218       2355.2102       71137.062
           0.22       2217.3055        66897.78
          0.222       2087.6191       62911.129
          0.224        1965.661       59162.055
          0.226       1850.9708       55636.401
          0.228       1743.1154       52320.851
           0.23       1641.6874       49202.886
          0.232       1546.3039        46270.73
          0.234       1456.6045        43513.31
          0.236       1372.2506       40920.214
          0.238       1292.9237       38481.649
           0.24        1218.324       36188.405
          0.242         1148.17       34031.823
          0.244       1082.1967        32003.76
          0.246        1020.155       30096.554
          0.248       961.81052       28303.005
           0.25       906.94298       26616.339
          0.252       855.34517       25030.187
          0.254       806.82223       23538.559
          0.256       761.19093       22135.821
          0.258       718.27895       20816.678
           0.26       677.92422       19576.146
          0.262       639.97436       18409.541
          0.264       604.28606       17312.458
          0.266       570.72453       16280.754
          0.268       539.16304       15310.532
           0.27        509.4824       14398.129
          0.272       481.57052       13540.099
          0.274         455.322       12733.202
          0.276       430.63772        11974.39
          0.278       407.42444       11260.798
           0.28       385.59453       10589.731
          0.282       365.06552       9958.6556
          0.284        345.7599       9365.1877
          0.286       327.60477       8807.0865
          0.288       310.53156       8282.2443
           0.29       294.47579       7788.6791
          0.292       279.37684        7324.527
          0.294       265.17768       6888.0352
          0.296        251.8247       6477.5553
          0.298       239.26746       6091.5373
            0.3       227.45855       5728.5233
          0.302       216.35337       5387.1424
          0.304       205.90998       5066.1055
          0.306       196.08895       4764.2002
          0.308       186.85318       4480.2864
           0.31        178.1678       4213.2919
          0.312       170.00001       3962.2085
          0.314       162.31897        3726.088
          0.316       155.09566       3504.0386
          0.318       148.30281       3295.2218
           0.32       141.91477       3098.8491
          0.322       135.90742       2914.1788
          0.324       130.25806       2740.5137
          0.326       124.94536       2577.1978
          0.328       119.94927       2423.6144
           0.33        115.2509       2279.1835
          0.332       110.83253         2895.87
          0.334       103.66742       2703.7679
          0.336       100.01746       1421.7406
          0.338       97.980462       734.60172
           0.34       97.079054       109.45355
          0.342       97.542648      -612.80247
          0.344       99.530264      -1508.6832
          0.346       103.57738      -3348.7993
          0.348       112.92546      -2337.0201
           0.35       112.92546       728.46142
          0.352       110.01162       2059.2967
          0.354       104.68827       2127.3056
          0.356       101.50239       1343.4282
          0.358       99.314562       939.51068
           0.36       97.744351       709.46069
          0.362       96.476719       618.72653
          0.364       95.269445       600.75074
          0.366       94.073716       599.01202
          0.368       92.873397       990.00341
           0.37       90.113702       2467.2672
          0.372       83.004328       2934.8891
          0.374       78.374146        2395.472
          0.376        73.42244       2103.3766
          0.378       69.960639       2395.0957
           0.38       63.842057       2429.6849
          0.382         60.2419       2026.5132
          0.384       55.736004       1101.5328
          0.386       55.835769      -794.11055
          0.388       58.912446       54.922097
           0.39        55.61608       1400.5073
          0.392       53.310417       1423.8963
          0.394       49.920495       762.41695
          0.396       50.260749      -449.44613
          0.398       51.718279      -235.60313
            0.4       51.203162       165.42833
          0.402       51.056566       211.79599
          0.404       50.355978       1205.8412
          0.406       46.233201       1657.9515
          0.408       43.724172       809.48897
           0.41       42.995245        244.1922
          0.412       42.747403       243.78651
          0.414       42.020099       258.80153
          0.416       41.712197         90.2466
          0.418       41.659113      -73.402447
           0.42       42.005807      -31.564183
          0.422        41.78537       348.18153
          0.424       40.613081       542.69897
          0.426       39.614574       546.75391
          0.428       38.426065       696.63728
           0.43       36.828025       560.76843
          0.432       36.182991       22.021323
          0.434       36.739939       37.813972
          0.436       36.031736       466.37211
          0.438       34.874451       511.34232
           0.44       33.986366        445.0634
          0.442       33.094197        154.9839
          0.444       33.366431      -22.760382
          0.446       33.185239       317.40189
          0.448       32.096823       448.93034
           0.45       31.389517       427.50144
          0.452       30.386817       396.49712
          0.454       29.803529       178.67198
          0.456       29.672129        82.39804
          0.458       29.473937       66.604718
           0.46       29.405711       221.83235
          0.462       28.586607       349.58782
          0.464       28.007359       230.93273
          0.466       27.662877       247.80263
          0.468       27.016149       239.89696
           0.47       26.703289       252.93981
          0.472        26.00439       252.37951
          0.474       25.693771         118.946
          0.476       25.528606       275.64794
          0.478       24.591179       402.14806
           0.48       23.920013       260.77147
          0.482       23.548093       141.39462
          0.484       23.354435       83.584047
          0.486       23.213757       137.78705
          0.488       22.803287       222.69918
           0.49        22.32296       305.10018
          0.492       21.582886       390.25384
          0.494       20.761945       281.86356
          0.496       20.455432       145.28868
          0.498        20.18079       192.07514
            0.5       19.687131        228.3151
          0.502        19.26753        221.0225
          0.504       18.803041       229.47285
          0.506       18.349638       227.26725
          0.508       17.893972       203.90775
           0.51       17.534007       144.75938
          0.512       17.314935       148.01934
          0.514        16.94193       217.50342
          0.516       16.444921       234.11514
          0.518       16.005469       204.77872
           0.52       15.625806       168.82372
          0.522       15.330174       170.10496
          0.524       14.945386       170.80999
          0.526       14.646934        93.95891
          0.528       14.569551       86.559377
           0.53       14.300697       124.24312
          0.532       14.072578       122.28691
          0.534       13.811549       202.83071
          0.536       13.261255        233.9633
          0.538       12.875696       153.98117
           0.54       12.645331       140.14622
          0.542       12.315111       139.70709
          0.544       12.086502       128.74067
          0.546       11.800148       157.42212
          0.548       11.456814       137.05912
           0.55       11.251912       134.41893
          0.552       10.919138       163.88177
          0.554       10.596385       127.25968
          0.556       10.410099       74.733783
          0.558        10.29745       89.037363
           0.56        10.05395       167.45755
          0.562       9.6276195       168.38015
          0.564       9.3804292       94.199792
          0.566       9.2508204       118.23711
          0.568       8.9074808       173.31313
           0.57       8.5575678       119.87183
          0.572       8.4279934       88.439677
          0.574       8.2038091       141.32422
          0.576       7.8626965       172.31536
          0.578       7.5145477       164.31642
           0.58       7.2054308       111.55094
          0.582       7.0683439       62.674733
          0.584       6.9547319       81.176788
          0.586       6.7436368       90.192096
          0.588       6.5939635       78.284844
           0.59       6.4304974       88.852429
          0.592       6.2385538       93.596855
          0.594         6.05611       122.62676
          0.596       5.7480468       111.16136
          0.598       5.6114645       67.880848
            0.6       5.4765234       79.159309
          0.602       5.2948273       69.901479
          0.604       5.1969175       105.35791
          0.606       4.8733957       151.68059
          0.608       4.5901951        103.8833
           0.61       4.4578625       82.734734
          0.612       4.2592562       95.752842
          0.614       4.0748511       69.605223
          0.616       3.9808353       57.988906
          0.618       3.8428955       88.284656
           0.62       3.6276967       99.282893
          0.622       3.4457639        75.58455
          0.624       3.3253585        59.72091
          0.626       3.2068803       84.611603
          0.628        2.986912       93.884101
           0.63       2.8313439       63.269816
          0.632       2.7338328       72.751076
          0.634       2.5403396       67.854736
          0.636       2.4624138       27.037801
          0.638       2.4321883       54.192696
           0.64        2.245643        86.63596
          0.642       2.0856445       68.511563
          0.644       1.9715968       66.208048
          0.646       1.8208123       41.153299
          0.648       1.8069836       27.443295
           0.65       1.7110391       59.566945
          0.652       1.5687158       37.901385
          0.654       1.5594336       35.389584
          0.656       1.4271575       78.618982
          0.658       1.2449577       79.740071
           0.66       1.1081972       65.337737
          0.662      0.98360672       59.240287
          0.664      0.87123606       29.216458
          0.666      0.86674089       1.1918746
          0.668      0.86646856       34.708365
           0.67      0.72790743       57.766662
          0.672      0.63540191       30.557049
          0.674      0.60567923       27.361188
          0.676      0.52595716       34.275315
          0.678      0.46857797       23.687375
           0.68      0.43120766       43.618515
          0.682      0.29410391       83.413845
          0.684     0.097552278       89.084858
          0.686    -0.062235522       62.211219
          0.688      -0.1512926       33.959168
           0.69     -0.19807219       9.1450841
          0.692     -0.18787294       19.969892
          0.694     -0.27795176       67.912904
          0.696     -0.45952455       54.698162
          0.698     -0.49674441       16.524711
            0.7      -0.5256234       26.557714
          0.702     -0.60297527       24.307986
          0.704     -0.62285534       16.950895
          0.706     -0.67077885       46.394346
          0.708     -0.80843272       54.896902
           0.71     -0.89036646       31.155261
          0.712     -0.93305377       38.339149
          0.714      -1.0437231       55.729105
          0.716      -1.1559702       27.271578
          0.718      -1.1528094       9.5322118
           0.72       -1.194099        27.75723
          0.722      -1.2638383       1.8417575
          0.724      -1.2014661       9.5760663
          0.726      -1.3021426       58.367775
          0.728      -1.4349372       33.166836
           0.73      -1.4348099       20.782325
          0.732      -1.5180665       39.624102
          0.734      -1.5933063        13.97018
          0.736      -1.5739472       0.6099605
          0.738      -1.5957462         19.2044
           0.74      -1.6507648       25.439678
          0.742      -1.6975049       26.944037
          0.744      -1.7585409       16.834983
          0.746      -1.7648448        16.19961
          0.748      -1.8233394       31.344292
           0.75       -1.890222       5.4766917
          0.752      -1.8452461      -12.740111
          0.754      -1.8392615        4.670332
          0.756      -1.8639275       13.922451
          0.758      -1.8949513       22.476778
           0.76      -1.9538346       33.530928
          0.762       -2.029075       17.506325
          0.764      -2.0238599       4.5800482
          0.766      -2.0473952       34.731509
          0.768      -2.1627859       25.369986
           0.77      -2.1488752      -17.566956
          0.772      -2.0925181      -21.313382
          0.774      -2.0636216       -7.095223
          0.776      -2.0641372       10.197217
          0.778      -2.1044105       31.642341
           0.78      -2.1907066       27.709612
          0.782       -2.215249       -6.893259
          0.784      -2.1631335       5.5518925
          0.786      -2.2374565       29.707146
          0.788      -2.2819621        16.38466
           0.79      -2.3029952       11.643873
          0.792      -2.3285376      -10.047659
          0.794      -2.2628045      -21.207108
          0.796      -2.2437092      -0.1015535
          0.798      -2.2623983       10.117327
            0.8      -2.2841785      -4.7000452
          0.802      -2.2435981      -16.908874
          0.804       -2.216543       -4.981869
          0.806      -2.2236707      -3.9333368
          0.808      -2.2008096       6.3899195
           0.81      -2.2492303      0.83675525
          0.812      -2.2041567      -29.653363
          0.814      -2.1306169       -30.18225
          0.816      -2.0834277      -23.202906
          0.818      -2.0378053       -1.250505
           0.82      -2.0784256       7.5571757
          0.822       -2.068034       -0.537361
          0.824      -2.0762762       10.166071
          0.826      -2.1086983       8.9003782
          0.828      -2.1118777      -11.125705
           0.83      -2.0641954      -42.592353
          0.832      -1.9415083       -45.95124
          0.834      -1.8803905       8.6764535
          0.836      -1.9762141       43.572781
          0.838      -2.0546816      -17.718963
           0.84      -1.9053383      -54.381513
          0.842      -1.8371556       20.534269
          0.844      -1.9874753       42.315345
          0.846      -2.0064169      -4.9402135
          0.848      -1.9677145       13.454486
           0.85      -2.0602349       15.454261
          0.852      -2.0295315      -44.497123
          0.854      -1.8822464      -28.342388
          0.856       -1.916162        17.59421
          0.858      -1.9526232      -5.7473445
           0.86      -1.8931726       3.1888495
          0.862      -1.9653786       18.549285
          0.864      -1.9673697      -16.637243
          0.866      -1.8988296      -17.211066
          0.868      -1.8985255      -0.4835705
           0.87      -1.8968954       15.950269
          0.872      -1.9623266       4.0057165
          0.874      -1.9129182       -49.78752
          0.876      -1.7631765      -44.133094
          0.878      -1.7363859      -13.167197
           0.88      -1.7105077       0.8463945
          0.882      -1.7397714       25.531782
          0.884      -1.8126348       -6.693433
          0.886      -1.7129977      -40.024634
          0.888      -1.6525363      -15.373055
           0.89      -1.6515055      -6.5110265
          0.892      -1.6264922       1.5015203
          0.894      -1.6575116      -15.827706
          0.896      -1.5631813      -54.492148
          0.898       -1.439543       -12.02071
            0.9      -1.5150985       24.351498
          0.902       -1.536949      -28.376492
          0.904      -1.4015925      -32.879632
          0.906      -1.4054304       13.409481
          0.908      -1.4552305       2.3793645
           0.91      -1.4149479      -21.555635
          0.912      -1.3690079      -18.759866
          0.914      -1.3399084      -10.591588
          0.916      -1.3266416      -16.118699
          0.918      -1.2754336      -19.735802
           0.92      -1.2476984       2.1290037
          0.922      -1.2839496       5.1761085
          0.924      -1.2684028      -29.724577
          0.926      -1.1650513      -44.455697
          0.928        -1.09058       -14.03797
           0.93      -1.1088995       4.4594997
          0.932       -1.108418      -25.452829
          0.934      -1.0070881      -24.544626
          0.936      -1.0102395       40.349188
          0.938      -1.1684849       24.297262
           0.94      -1.1074285      -53.441628
          0.942     -0.95471838      -28.394109
          0.944     -0.99385211     -0.48270388
          0.946     -0.95278757      -15.683829
          0.948     -0.93111679       15.921588
           0.95      -1.0164739       13.493735
          0.952     -0.98509173      -30.314403
          0.954     -0.89521631      -38.793665
          0.956     -0.82991707      -25.556901
          0.958      -0.7929887      -11.395781
           0.96     -0.78433395       2.1548568
          0.962     -0.80160813      -9.2194535
          0.964     -0.74745613      -32.008565
          0.966     -0.67357387      -15.914485
          0.968     -0.68379819      -7.0431584
           0.97     -0.64540124      -26.328892
          0.972     -0.57848263      -19.753884
          0.974      -0.5663857      -6.1203351
          0.976     -0.55400128      -16.642601
          0.978      -0.4998153      -19.369923
           0.98     -0.47652159      -1.0969768
          0.982     -0.49542739      -3.0872505
          0.984     -0.46417259      -11.868895
          0.986     -0.44795181      -2.4619218
          0.988      -0.4543249      -13.456009
           0.99     -0.39412777      -17.847211
          0.992     -0.38293606        11.50971
          0.994     -0.44016661       5.9478587
          0.996     -0.40672749      -27.253762
          0.998     -0.33115156      -31.997905
              1     -0.27873587      -12.232691
          1.002      -0.2822208       7.4748133
          1.004     -0.30863513      -5.7011026
          1.006     -0.25941639      -19.534547
          1.008     -0.23049694      -3.2953128
           1.01     -0.24623514      0.49789587
          1.012     -0.23248852      -10.763337
          1.014     -0.20318179      -14.410844
          1.016     -0.17484515      -8.8637927
          1.018     -0.16772662      -1.7358018
           1.02     -0.16790194      -7.7322051
          1.022      -0.1367978       -11.72782
          1.024     -0.12099066        7.397303
          1.026     -0.16638701       18.905594
          1.028     -0.19661303      -6.1127816
           1.03     -0.14193588      -28.012507
          1.032    -0.084563006      -11.461368
          1.034    -0.096090413       15.530976
          1.036     -0.14668691       16.241662
          1.038     -0.16105706      -5.5518038
           1.04      -0.1244797      -9.3497645
          1.042       -0.123658        -4.45632
          1.044     -0.10665442      -10.056532
          1.046    -0.083431874       3.2356796
          1.048     -0.11959713      -1.1810979
           1.05    -0.078707483      -25.301604
          1.052    -0.018390718      -15.704535
          1.054    -0.015889342      -2.3161453
          1.056   -0.0091261365       6.6761649
          1.058    -0.042594002       16.592317
           1.06    -0.075495405       10.925207
          1.062    -0.086294828       1.0499563
          1.064     -0.07969523       2.9117955
          1.066     -0.09794201       2.6091274
          1.068     -0.09013174      -13.420554
           1.07    -0.044259794       10.405206
          1.072     -0.13175256       29.796847
          1.074     -0.16344718      -17.294074
          1.076    -0.062576268       -44.11183
          1.078     0.013000137      -19.179215
           1.08     0.014140593       18.380231
          1.082    -0.060520786       31.010138
          1.084     -0.10989996       5.2694672
          1.086    -0.081598655      -15.344039
          1.088    -0.048523805      -13.809797
           1.09    -0.026359468      -8.1634052
          1.092    -0.015870185      -4.6999223
          1.094   -0.0075597784      -15.185322
          1.096     0.044871103      -1.6647129
          1.098  -0.00090092681       32.528252
            1.1    -0.085241904       13.672019
          1.102    -0.055589001      -12.255704
          1.104    -0.036219089      -2.1588429
          1.106     -0.04695363      -16.005474
          1.108     0.027802806      -25.608494
           1.11     0.055480347       4.8386524
          1.112    0.0084481961       12.560547
          1.114    0.0052381609      -3.6273936
          1.116      0.02295777      -15.499113
          1.118     0.067234614      -19.228877
           1.12     0.099873279      -9.3595803
          1.122      0.10467293       13.455663
          1.124     0.046050629        25.84524
          1.126    0.0012919747     -0.53061321
          1.128     0.048173082      -3.0921308
           1.13     0.013660498       20.779994
          1.132    -0.034946895      -2.5327642
          1.134     0.023791555      -30.352283
          1.136     0.086462235      -7.6912893
          1.138     0.054556712       26.752866
           1.14     -0.02054923       22.137459
          1.142    -0.033993126      -1.9844328
          1.144    -0.012611499      -16.060646
          1.146     0.030249457      -15.918944
          1.148     0.051064277      -3.4820635
           1.15     0.044177711       11.956716
          1.152    0.0032374112       12.724438
          1.154   -0.0067200407      -12.386846
          1.156     0.052784795      -28.938154
          1.158      0.10903258      -16.504416
           1.16      0.11880246       3.0308966
          1.162      0.09690899      -2.6229365
          1.164       0.1292942      -6.3959943
          1.166      0.12249297       22.691676
          1.168       0.0385275       30.855504
           1.17  -0.00092904796       13.754961
          1.172    -0.016492343       14.157114
          1.174    -0.057557504       11.032529
          1.176    -0.060622459       6.6591391
          1.178     -0.08419406       13.772406
           1.18     -0.11571208      0.83665277
          1.182    -0.087540671      -13.532908
          1.184    -0.061580452      -12.000103
          1.186    -0.039540257      -10.321864
          1.188    -0.020292996      -7.9619583
           1.19   -0.0076924242      -6.8797111
          1.192    0.0072258486      -7.8625317
          1.194     0.023757702       3.0080242
          1.196   -0.0048062483       24.357566
          1.198     -0.07367256       4.6064146
            1.2    -0.023231907      -33.997397
          1.202     0.062317026      -19.388519
          1.204     0.054322169      -1.9200044
          1.206     0.069997044      -13.701571
          1.208      0.10912845      -9.0584861
           1.21      0.10623099       12.000947
          1.212     0.061124668       18.821365
          1.214     0.030945527       10.421372
          1.216     0.019439179       9.2190792
          1.218   -0.0059307905      -2.1531938
           1.22     0.028051955      -19.805229
          1.222     0.073290126     -0.04556671
          1.224     0.028234221       24.642416
          1.226     -0.02527954       8.1176102
          1.228   -0.0042362193      -17.278524
           1.23     0.043834557      -4.0887273
          1.232      0.01211869        6.438864
          1.234     0.018079101      -12.892884
          1.236     0.063690226      -8.1631376
          1.238     0.050731651      0.89575863
           1.24     0.060107192      0.70949916
          1.242     0.047893655       6.9534388
          1.244     0.032293436      -9.6319528
          1.246     0.086421466      -12.712236
          1.248      0.08314238       15.569134
           1.25     0.024144931       9.2742448
          1.252     0.046045401      -8.6640129
          1.254     0.058800983      -2.5115056
          1.256     0.056091423       1.7545853
          1.258     0.051782642       4.7500407
           1.26      0.03709126      0.34542804
          1.262      0.05040093      -10.021969
          1.264     0.077179137      -2.3026263
          1.266     0.059611435       17.250295
          1.268    0.0081779549       5.5440868
           1.27     0.037435088      -5.1288881
          1.272     0.028693507       13.522306
          1.274    -0.016654138       4.2773002
          1.276     0.011584306      -8.8328533
          1.278     0.018677275       -3.000275
           1.28     0.023585406      -11.171317
          1.282     0.063362545       -7.135848
          1.284     0.052128798      0.22122811
          1.286     0.062477633      -8.6001424
          1.288     0.086529368       3.9063099
           1.29     0.046852393       20.147366
          1.292    0.0059399021       7.9251526
          1.294     0.015151783      -9.2598003
          1.296     0.042979103      -11.436564
          1.298      0.06089804       -10.84627
            1.3     0.086364184      -2.2964356
          1.302     0.070083782       11.974732
          1.304     0.038465255       11.361975
          1.306     0.024635884      -1.3880785
          1.308     0.044017569      -13.286223
           1.31     0.077780775      -2.1257972
          1.312     0.052520758       12.570853
          1.314     0.027497362      -9.4182132
          1.316     0.090193611      -15.708783
          1.318     0.090332493       8.3905664
           1.32     0.056631345      -10.057391
          1.322      0.13056206      -21.750839
          1.324       0.1436347       8.2427666
          1.326      0.09759099       12.541039
          1.328     0.093470547       4.0741618
           1.33     0.081294343        4.606283
          1.332     0.075045415       6.3273095
          1.334     0.055985105       4.7004688
          1.336      0.05624354       -12.20996
          1.338      0.10482494      -11.402849
           1.34      0.10185493       8.6885472
          1.342     0.070070756        12.83545
          1.344     0.050513135       2.5960972
          1.346     0.059686367      -4.6292843
          1.348     0.069030272      -5.7714742
           1.35     0.082772264       1.0942848
          1.352     0.064653133       9.7025259
          1.354     0.043962161      -12.324171
          1.356      0.11394982      -21.388271
          1.358      0.12951524       1.6972363
           1.36      0.10716087       4.6457823
          1.362      0.11093212      -1.0866587
          1.364      0.11150751       1.8597196
          1.366      0.10349324       1.1620925
          1.368      0.10685914      -3.8909318
           1.37      0.11905696      -1.6333638
          1.372      0.11339259      -1.5980967
          1.374      0.12544935      -3.8798757
          1.376      0.12891209       -4.652502
          1.378      0.14405936      -6.1007544
           1.38      0.15331511       4.0438374
          1.382      0.12788401     -0.23411803
          1.384      0.15425158      -11.055009
          1.386      0.17210405       1.4005217
          1.388       0.1486495      -2.2849028
           1.39      0.18124366      -14.273698
          1.392      0.20574429       3.2564843
          1.394      0.16821772       18.709275
          1.396      0.13090719       19.165683
          1.398     0.091554991       9.7446072
            1.4     0.091928763      -7.3594863
          1.402      0.12099294      -14.786946
          1.404      0.15107655      -10.002639
          1.406      0.16100349       19.422322
          1.408     0.073387262       21.439096
           1.41     0.075247106       -28.98894
          1.412      0.18934302      -31.528356
          1.414      0.20136053       2.9046209
          1.416      0.17772454       6.7684305
          1.418      0.17428681       12.905729
           1.42      0.12610162       12.301197
          1.422      0.12508202      -10.176644
          1.424       0.1668082      -11.083391
          1.426      0.16941558      -2.5678744
          1.428      0.17707969      -5.0039935
           1.43      0.18943155       4.7751689
          1.432      0.15797902       14.809324
          1.434      0.13019426       0.5223171
          1.436      0.15588975      -5.1561528
          1.438      0.15081887       2.5384698
           1.44      0.14573587      -1.1070129
          1.442      0.15524692       11.986195
          1.444     0.097791089       22.041089
          1.446     0.067082564       6.6702766
          1.448     0.071109983       1.1817532
           1.45     0.062355552      -5.8614095
          1.452      0.09455562      -13.908072
          1.454      0.11798784      -5.4974709
          1.456       0.1165455       3.4982657
          1.458      0.10399478       11.161999
           1.46      0.07189751       17.093087
          1.462     0.035622432       10.545803
          1.464     0.029714296      -3.6244879
          1.466     0.050120384      -5.7732064
          1.468     0.052807122      -8.9114133
           1.47     0.085766037      -14.320236
          1.472      0.11008806       2.3687008
          1.474     0.076291234        10.11012
          1.476     0.069647586      -4.8423086
          1.478     0.095660468     -0.98993712
           1.48     0.073607334       10.252684
          1.482     0.054649731      -2.6086651
          1.484     0.084041995      -3.5852832
          1.486     0.068990864       14.967308
          1.488     0.024172764       11.694703
           1.49     0.022212052      -7.9615389
          1.492      0.05601892      -15.869469
          1.494     0.085689927      -7.6310731
          1.496     0.086543213       3.1681157
          1.498     0.073017464       1.7572909
            1.5     0.079514049       7.2396148
          1.502     0.044059005       18.991605
          1.504    0.0035476284      -9.9248713
          1.506      0.08375849      -30.167441
          1.508      0.12421739      -6.1379477
           1.51      0.10831028       2.2463393
          1.512      0.11523203       8.8242114
          1.514     0.073013435       10.000124
          1.516      0.07523154      -12.021348
          1.518      0.12109883      -10.199758
           1.52      0.11603057       -0.043621
          1.522      0.12127331      -3.3607115
          1.524      0.12947342       1.6821544
          1.526       0.1145447       5.5705719
          1.528      0.10719113       5.0362827
           1.53     0.094399565       6.2435756
          1.532     0.082216829        8.643371
          1.534     0.059826081       12.286576
          1.536     0.033070527       7.5474798
          1.538     0.029636162        5.494177
           1.54     0.011093819       16.048618
          1.542     -0.03455831       2.3583641
          1.544    0.0016603624      -23.090765
          1.546     0.057804751      -7.0345844
          1.548       0.0297987       14.888809
           1.55    -0.001750484       3.8465563
          1.552     0.014412475      -9.3643374
          1.554     0.035706866      -4.1206621
          1.556     0.030895123       7.2954292
          1.558    0.0065251487       10.203399
           1.56   -0.0099184741        7.428416
          1.562    -0.023188515       1.6219319
          1.564    -0.016406202      -13.086099
          1.566     0.029155882      -16.065507
          1.568     0.047855825       1.9553666
           1.57     0.021334416       16.230558
          1.572    -0.017066409     -0.57909511
          1.574     0.023650796      -16.306934
          1.576     0.048161328       5.9536242
          1.578  -0.00016370093        7.739464
           1.58     0.017203472      -12.960737
          1.582     0.051679246       2.8625286
          1.584    0.0057533574       14.645663
          1.586   -0.0069034066      -10.444741
          1.588     0.047532323       -10.68728
           1.59     0.035845713         5.51642
          1.592     0.025466643      -1.5669126
          1.594     0.042113364        1.412045
          1.596     0.019818463       12.538284
          1.598   -0.0080397735       2.8440134
            1.6    0.0084424095      -4.8627607
          1.602     0.011411269      -1.1657094
          1.604     0.013105247      -16.354818
          1.606      0.07683054      -15.263172
          1.608     0.074157936        9.393291
           1.61     0.039257376       5.1916187
          1.612     0.053391462       -1.747002
          1.614     0.046245385       3.9624762
          1.616     0.037541557      -4.9575685
          1.618     0.066075659      -7.3386076
           1.62     0.066895987       1.3889798
          1.622     0.060519739      -4.3594232
          1.624      0.08433368      -8.9676418
          1.626     0.096390307      -8.4698072
          1.628      0.11821291     -0.89392731
           1.63     0.099966016        7.031618
          1.632     0.090086437       5.3504739
          1.634      0.07856412       2.8692943
          1.636     0.078609259      -22.911164
          1.638      0.17020878      -17.678064
           1.64      0.14932152        15.80126
          1.642      0.10700374     0.097752525
          1.644      0.14893051       -5.158079
          1.646      0.12763605        7.803014
          1.648      0.11771845      -4.6575416
           1.65      0.14626622      -5.2801023
          1.652      0.13883886       9.1133509
          1.654      0.10981281        8.054642
          1.656      0.10662029      -7.7275964
          1.658       0.1407232      -12.160188
           1.66      0.15526104      -6.9480728
          1.662      0.16851549      -2.7169324
          1.664      0.16612877        4.679803
          1.666      0.14979628       3.9260781
          1.668      0.15042446        9.805417
           1.67      0.11057461       7.3757881
          1.672      0.12092131      -17.932795
          1.674      0.18230579      -6.5036385
          1.676      0.14693586       21.832591
          1.678     0.094975423       16.205765
           1.68     0.082112804       8.2037384
          1.682      0.06216047      -3.1563364
          1.684     0.094738149      -20.656372
          1.686      0.14478596      -9.6442996
          1.688      0.13331535       19.363039
           1.69     0.067333801        27.41846
          1.692     0.023641507      -5.6828566
          1.694     0.090065228      -28.281515
          1.696      0.13676757      -1.4272775
          1.698     0.095774338       12.476537
            1.7     0.086861418     -0.73383757
          1.702     0.098709688      -6.0489141
          1.704      0.11105707       2.4249495
          1.706      0.08900989       7.2321923
          1.708     0.082128305      -3.2455772
           1.71       0.1019922      0.18613533
          1.712     0.081383763      -1.1034898
          1.714      0.10640616       -11.38811
          1.716       0.1269362      0.43175225
          1.718      0.10467915       6.6122812
           1.72      0.10048708       1.9671681
          1.722     0.096810477       1.7889943
          1.724     0.093331101      -7.2690058
          1.726       0.1258865      -10.479855
          1.728      0.13525052       4.8092334
           1.73      0.10664957       1.3349322
          1.732      0.12991079      -5.6664949
          1.734      0.12931555       7.7937189
          1.736     0.098735916       3.0367715
          1.738      0.11716846      -8.9582115
           1.74      0.13456876      -8.5836428
          1.742      0.15150303       1.2397814
          1.744      0.12960964        17.37791
          1.746      0.08199139       11.946839
          1.748      0.08182228      -3.6887502
           1.75     0.096746391      -7.6331894
          1.752      0.11235504      -7.1912715
          1.754      0.12551148      -2.6043473
          1.756      0.12277243     -0.52139828
          1.758      0.12759707       5.7080183
           1.76     0.099940354       22.753745
          1.762      0.03658209       12.042474
          1.764     0.051770458      -10.323739
          1.766     0.077877047     -0.79755265
          1.768     0.054960668       1.1220403
           1.77     0.073388886      -9.9948667
          1.772     0.094940135      0.84206826
          1.774     0.070020613        7.961999
          1.776     0.063092139       3.6122482
          1.778      0.05557162       6.1415256
           1.78     0.038526037       1.2596089
          1.782     0.050533184      -6.4612469
          1.784     0.064371025       6.1970601
          1.786     0.025744943       18.305538
          1.788   -0.0088511283       3.4284427
           1.79     0.012031173      -11.263648
          1.792     0.036203465      -14.749882
          1.794     0.071030699      -13.422983
          1.796     0.089895397      0.98202037
          1.798     0.067102618       11.720642
            1.8     0.043012828       2.1302406
          1.802     0.058581656      -6.9881474
          1.804     0.070965418     -0.60767315
          1.806     0.061012348      -1.1660528
          1.808     0.075629629      -4.8321897
           1.81     0.080341107     -0.61966167
          1.812     0.078108276      0.55943248
          1.814     0.078103377       8.4677816
          1.816      0.04423715       10.823396
          1.818     0.034809794       5.7868239
           1.82     0.021089854     0.056172095
          1.822     0.034585106      -15.533465
          1.824     0.083223715       -1.138818
          1.826     0.039140378        21.14572
          1.828   -0.0013591657       3.1539296
           1.83     0.026524659       -5.697535
          1.832     0.021430974       8.9821452
          1.834   -0.0094039214       5.6591638
          1.836   -0.0012056808      -5.0420456
          1.838     0.010764261       1.7958136
           1.84   -0.0083889352       6.4615702
          1.842     -0.01508202      -4.3874663
          1.844    0.0091609302      -8.6191276
          1.846      0.01939449      -4.1176567
          1.848     0.025631557     -0.69887204
           1.85     0.022189979        7.063976
          1.852    -0.002624347       8.9022653
          1.854    -0.013419083      -4.9381163
          1.856     0.017128118      -13.756486
          1.858     0.041606862      -2.5104884
           1.86     0.027170072       11.780417
          1.862   -0.0055148054       17.147238
          1.864    -0.041418882       4.9007309
          1.866    -0.025117729      -12.924681
          1.868     0.010279842      -6.6933187
           1.87    0.0016555458       6.8994831
          1.872    -0.017318091       2.7476235
          1.874   -0.0093349481      -8.4846386
          1.876     0.016620464      -9.4411155
          1.878     0.028429514       7.9507588
           1.88    -0.015182571       14.029754
          1.882    -0.027689502      -4.0737385
          1.884    0.0011123825      -1.6930477
          1.886    -0.020917312       10.504406
          1.888    -0.040905241       -1.798636
           1.89    -0.013722768      -17.831258
          1.892      0.03041979      -6.1424334
          1.894     0.010846966       11.943139
          1.896    -0.017352764       8.1105341
          1.898     -0.02159517       0.3351805
            1.9    -0.018693486       -9.670248
          1.902     0.017085822      -7.8732913
          1.904     0.012799679       3.1947121
          1.906    0.0043069731     -0.19500337
          1.908     0.013579692       2.4689446
           1.91   -0.0055688053       5.4084133
          1.912   -0.0080539609       -4.459219
          1.914     0.012268071      -10.907769
          1.916     0.035577114      -8.1547714
          1.918     0.044887156      0.56572824
           1.92     0.033314201      -4.3318378
          1.922     0.062214507      -11.171036
          1.924     0.077998347       4.7559496
          1.926     0.043190709        5.068268
          1.928     0.057725275      -7.4883607
           1.93     0.073144152       9.2122265
          1.932     0.020876369       15.051658
          1.934     0.012937519      -6.3015162
          1.936     0.046082433      -7.4412371
          1.938     0.042702467       1.1180376
           1.94     0.041610283      -2.8355287
          1.942     0.054044582      -8.3480441
          1.944     0.075002459      -8.8381116
          1.946     0.089397028       4.5116946
          1.948     0.056955681       10.199919
           1.95     0.048597352       -4.677332
          1.952     0.075665008      -8.9267038
          1.954     0.084304168      -3.9696228
          1.956     0.091543499      -3.8147315
          1.958     0.099563094      -8.2698776
           1.96      0.12462301       -4.396532
          1.962      0.11714922       1.9408136
          1.964      0.11685976      -8.0501274
          1.966      0.14934973       4.4900722
          1.968     0.098899467       25.957787
           1.97     0.045518582       10.314247
          1.972      0.05764248       2.1826347
          1.974     0.036788044        11.96339
          1.976    0.0097889196       4.0290967
          1.978     0.020671657      -7.1113712
           1.98     0.038234405      -7.2999997
          1.982     0.049871655      -3.1523306
          1.984     0.050843727      0.84287941
          1.986     0.046500138       2.6895902
          1.988     0.040085366       -1.327928
           1.99      0.05181185      -2.3938035
          1.992      0.04966058       6.2634779
          1.994     0.026757938       8.3447679
          1.996     0.016281509       5.6782119
          1.998    0.0040450907       4.0703771
              2               0       1.0112727
          2.002               0               0
          2.004               0               0
          2.006               0               0
          2.008               0               0
           2.01               0               0
          2.012               0               0
          2.014               0               0
          2.016               0               0
          2.018               0               0
           2.02               0               0
          2.022               0               0
          2.024               0               0
          2.026               0               0
          2.028               0               0
           2.03               0               0
          2.032               0               0
          2.034               0               0
          2.036               0               0
          2.038               0               0
           2.04               0               0
          2.042               0               0
          2.044               0               0
          2.046               0               0
          2.048               0               0
           2.05               0               0
          2.052               0               0
          2.054               0               0
          2.056               0               0
          2.058               0               0
           2.06               0               0
          2.062               0               0
          2.064               0               0
          2.066               0               0
          2.068               0               0
           2.07               0               0
          2.072               0               0
          2.074               0               0
          2.076               0               0
          2.078               0               0
           2.08               0               0
          2.082               0               0
          2.084               0               0
          2.086               0               0
          2.088               0               0
           2.09               0               0
          2.092               0               0
          2.094               0               0
          2.096               0               0
          2.098               0               0
            2.1               0               0
          2.102               0               0
          2.104               0               0
          2.106               0               0
          2.108               0               0
           2.11               0               0
          2.112               0               0
          2.114               0               0
          2.116               0               0
          2.118               0               0
           2.12               0               0
          2.122               0               0
          2.124               0               0
          2.126               0               0
          2.128               0               0
           2.13               0               0
          2.132               0               0
          2.134               0               0
          2.136               0               0
          2.138               0               0
           2.14               0               0
          2.142               0               0
          2.144               0               0
          2.146               0               0
          2.148               0               0
           2.15               0               0
          2.152               0               0
          2.154               0               0
          2.156               0               0
          2.158               0               0
           2.16               0               0
          2.162               0               0
          2.164               0               0
          2.166               0               0
          2.168               0               0
           2.17               0               0
          2.172               0               0
          2.174               0               0
          2.176               0               0
          2.178               0               0
           2.18               0               0
          2.182               0               0
          2.184               0               0
          2.186               0               0
          2.188               0               0
           2.19               0               0
          2.192               0               0
          2.194               0               0
          2.196               0               0
          2.198               0               0
            2.2               0               0
          2.202               0               0
          2.204               0               0
          2.206               0               0
          2.208               0               0
           2.21               0               0
          2.212               0               0
          2.214               0               0
          2.216               0               0
          2.218               0               0
           2.22               0               0
          2.222               0               0
          2.224               0               0
          2.226               0               0
          2.228               0               0
           2.23               0               0
          2.232               0               0
          2.234               0               0
          2.236               0               0
          2.238               0               0
           2.24               0               0
          2.242               0               0
          2.244               0               0
          2.246               0               0
          2.248               0               0
           2.25               0               0
          2.252               0               0
          2.254               0               0
          2.256               0               0
          2.258               0               0
           2.26               0               0
          2.262               0               0
          2.264               0               0
          2.266               0               0
          2.268               0               0
           2.27               0               0
          2.272               0               0
          2.274               0               0
          2.276               0               0
          2.278               0               0
           2.28               0               0
          2.282               0               0
          2.284               0               0
          2.286               0               0
          2.288               0               0
           2.29               0               0
          2.292               0               0
          2.294               0               0
          2.296               0               0
          2.298               0               0
            2.3               0               0
          2.302               0               0
          2.304               0               0
          2.306               0               0
          2.308               0               0
           2.31               0               0
          2.312               0               0
          2.314               0               0
          2.316               0               0
          2.318               0               0
           2.32               0               0
          2.322               0               0
          2.324               0               0
          2.326               0               0
          2.328               0               0
           2.33               0               0
          2.332               0               0
          2.334               0               0
          2.336               0               0
          2.338               0               0
           2.34               0               0
          2.342               0               0
          2.344               0               0
          2.346               0               0
          2.348               0               0
           2.35               0               0
          2.352               0               0
          2.354               0               0
          2.356               0               0
          2.358               0               0
           2.36               0               0
          2.362               0               0
          2.364               0               0
          2.366               0               0
          2.368               0               0
           2.37               0               0
          2.372               0               0
          2.374               0               0
          2.376               0               0
          2.378               0               0
           2.38               0               0
          2.382               0               0
          2.384               0               0
          2.386               0               0
          2.388               0               0
           2.39               0               0
          2.392               0               0
          2.394               0               0
          2.396               0               0
          2.398               0               0
            2.4               0               0
          2.402               0               0
          2.404               0               0
          2.406               0               0
          2.408               0               0
           2.41               0               0
          2.412               0               0
          2.414               0               0
          2.416               0               0
          2.418               0               0
           2.42               0               0
          2.422               0               0
          2.424               0               0
          2.426               0               0
          2.428               0               0
           2.43               0               0
          2.432               0               0
          2.434               0               0
          2.436               0               0
          2.438               0               0
           2.44               0               0
          2.442               0               0
          2.444               0               0
          2.446               0               0
          2.448               0               0
           2.45               0               0
          2.452               0               0
          2.454               0               0
          2.456               0               0
          2.458               0               0
           2.46               0               0
          2.462               0               0
          2.464               0               0
          2.466               0               0
          2.468               0               0
           2.47               0               0
          2.472               0               0
          2.474               0               0
          2.476               0               0
          2.478               0               0
           2.48               0               0
          2.482               0               0
          2.484               0               0
          2.486               0               0
          2.488               0               0
           2.49               0               0
          2.492               0               0
          2.494               0               0
          2.496               0               0
          2.498               0               0
            2.5               0               0
          2.502               0               0
          2.504               0               0
          2.506               0               0
          2.508               0               0
           2.51               0               0
          2.512               0               0
          2.514               0               0
          2.516               0               0
          2.518               0               0
           2.52               0               0
          2.522               0               0
          2.524               0               0
          2.526               0               0
          2.528               0               0
           2.53               0               0
          2.532               0               0
          2.534               0               0
          2.536               0               0
          2.538               0               0
           2.54               0               0
          2.542               0               0
          2.544               0               0
          2.546               0               0
          2.548               0               0
           2.55               0               0
          2.552               0               0
          2.554               0               0
          2.556               0               0
          2.558               0               0
           2.56               0               0
          2.562               0               0
          2.564               0               0
          2.566               0               0
          2.568               0               0
           2.57               0               0
          2.572               0               0
          2.574               0               0
          2.576               0               0
          2.578               0               0
           2.58               0               0
          2.582               0               0
          2.584               0               0
          2.586               0               0
          2.588               0               0
           2.59               0               0
          2.592               0               0
          2.594               0               0
          2.596               0               0
          2.598               0               0
            2.6               0               0
          2.602               0               0
          2.604               0               0
          2.606               0               0
          2.608               0               0
           2.61               0               0
          2.612               0               0
          2.614               0               0
          2.616               0               0
          2.618               0               0
           2.62               0               0
          2.622               0               0
          2.624               0               0
          2.626               0               0
          2.628               0               0
           2.63               0               0
          2.632               0               0
          2.634               0               0
          2.636               0               0
          2.638               0               0
           2.64               0               0
          2.642               0               0
          2.644               0               0
          2.646               0               0
          2.648               0               0
           2.65               0               0
          2.652               0               0
          2.654               0               0
          2.656               0               0
          2.658               0               0
           2.66               0               0
          2.662               0               0
          2.664               0               0
          2.666               0               0
          2.668               0               0
           2.67               0               0
          2.672               0               0
          2.674               0               0
          2.676               0               0
          2.678               0               0
           2.68               0               0
          2.682               0               0
          2.684               0               0
          2.686               0               0
          2.688               0               0
           2.69               0               0
          2.692               0               0
          2.694               0               0
          2.696               0               0
          2.698               0               0
            2.7               0               0
          2.702               0               0
          2.704               0               0
          2.706               0               0
          2.708               0               0
           2.71               0               0
          2.712               0               0
          2.714               0               0
          2.716               0               0
          2.718               0               0
           2.72               0               0
          2.722               0               0
          2.724               0               0
          2.726               0               0
          2.728               0               0
           2.73               0               0
          2.732               0               0
          2.734               0               0
          2.736               0               0
          2.738               0               0
           2.74               0               0
          2.742               0               0
          2.744               0               0
          2.746               0               0
          2.748               0               0
           2.75               0               0
          2.752               0               0
          2.754               0               0
          2.756               0               0
          2.758               0               0
           2.76               0               0
          2.762               0               0
          2.764               0               0
          2.766               0               0
          2.768               0               0
           2.77               0               0
          2.772               0               0
          2.774               0               0
          2.776               0               0
          2.778               0               0
           2.78               0               0
          2.782               0               0
          2.784               0               0
          2.786               0               0
          2.788               0               0
           2.79               0               0
          2.792               0               0
          2.794               0               0
          2.796               0               0
          2.798               0               0
            2.8               0               0
          2.802               0               0
          2.804               0               0
          2.806               0               0
          2.808               0               0
           2.81               0               0
          2.812               0               0
          2.814               0               0
          2.816               0               0
          2.818               0               0
           2.82               0               0
          2.822               0               0
          2.824               0               0
          2.826               0               0
          2.828               0               0
           2.83               0               0
          2.832               0               0
          2.834               0               0
          2.836               0               0
          2.838               0               0
           2.84               0               0
          2.842               0               0
          2.844               0               0
          2.846               0               0
          2.848               0               0
           2.85               0               0
          2.852               0               0
          2.854               0               0
          2.856               0               0
          2.858               0               0
           2.86               0               0
          2.862               0               0
          2.864               0               0
          2.866               0               0
          2.868               0               0
           2.87               0               0
          2.872               0               0
          2.874               0               0
          2.876               0               0
          2.878               0               0
           2.88               0               0
          2.882               0               0
          2.884               0               0
          2.886               0               0
          2.888               0               0
           2.89               0               0
          2.892               0               0
          2.894               0               0
          2.896               0               0
          2.898               0               0
            2.9               0               0
          2.902               0               0
          2.904               0               0
          2.906               0               0
          2.908               0               0
           2.91               0               0
          2.912               0               0
          2.914               0               0
          2.916               0               0
          2.918               0               0
           2.92               0               0
          2.922               0               0
          2.924               0               0
          2.926               0               0
          2.928               0               0
           2.93               0               0
          2.932               0               0
          2.934               0               0
          2.936               0               0
          2.938               0               0
           2.94               0               0
          2.942               0               0
          2.944               0               0
          2.946               0               0
          2.948               0               0
           2.95               0               0
          2.952               0               0
          2.954               0               0
          2.956               0               0
          2.958               0               0
           2.96               0               0
          2.962               0               0
          2.964               0               0
          2.966               0               0
          2.968               0               0
           2.97               0               0
          2.972               0               0
          2.974               0               0
          2.976               0               0
          2.978               0               0
           2.98               0               0
          2.982               0               0
          2.984               0               0
          2.986               0               0
          2.988               0               0
           2.99               0               0
          2.992               0               0
          2.994               0               0
          2.996               0               0
          2.998               0               0
              3               0               0
          3.002               0               0
          3.004               0               0
          3.006               0               0
          3.008               0               0
           3.01               0               0
          3.012               0               0
          3.014               0               0
          3.016               0               0
          3.018               0               0
           3.02               0               0
          3.022               0               0
          3.024               0               0
          3.026               0               0
          3.028               0               0
           3.03               0               0
          3.032               0               0
          3.034               0               0
          3.036               0               0
          3.038               0               0
           3.04               0               0
          3.042               0               0
          3.044               0               0
          3.046               0               0
          3.048               0               0
           3.05               0               0
          3.052               0               0
          3.054               0               0
          3.056               0               0
          3.058               0               0
           3.06               0               0
          3.062               0               0
          3.064               0               0
          3.066               0               0
          3.068               0               0
           3.07               0               0
          3.072               0               0
          3.074               0               0
          3.076               0               0
          3.078               0               0
           3.08               0               0
          3.082               0               0
          3.084               0               0
          3.086               0               0
          3.088               0               0
           3.09               0               0
          3.092               0               0
          3.094               0               0
          3.096               0               0
          3.098               0               0
            3.1               0               0
          3.102               0               0
          3.104               0               0
          3.106               0               0
          3.108               0               0
           3.11               0               0
          3.112               0               0
          3.114               0               0
          3.116               0               0
          3.118               0               0
           3.12               0               0
          3.122               0               0
          3.124               0               0
          3.126               0               0
          3.128               0               0
           3.13               0               0
          3.132               0               0
          3.134               0               0
          3.136               0               0
          3.138               0               0
           3.14               0               0
          3.142               0               0
          3.144               0               0
          3.146               0               0
          3.148               0               0
           3.15               0               0
          3.152               0               0
          3.154               0               0
          3.156               0               0
          3.158               0               0
           3.16               0               0
          3.162               0               0
          3.164               0               0
          3.166               0               0
          3.168               0               0
           3.17               0               0
          3.172               0               0
          3.174               0               0
          3.176               0               0
          3.178               0               0
           3.18               0               0
          3.182               0               0
          3.184               0               0
          3.186               0               0
          3.188               0               0
           3.19               0               0
          3.192               0               0
          3.194               0               0
          3.196               0               0
          3.198               0               0
            3.2               0               0
          3.202               0               0
          3.204               0               0
          3.206               0               0
          3.208               0               0
           3.21               0               0
          3.212               0               0
          3.214               0               0
          3.216               0               0
          3.218               0               0
           3.22               0               0
          3.222               0               0
          3.224               0               0
          3.226               0               0
          3.228               0               0
           3.23               0               0
          3.232               0               0
          3.234               0               0
          3.236               0               0
          3.238               0               0
           3.24               0               0
          3.242               0               0
          3.244               0               0
          3.246               0               0
          3.248               0               0
           3.25               0               0
          3.252               0               0
          3.254               0               0
          3.256               0               0
          3.258               0               0
           3.26               0               0
          3.262               0               0
          3.264               0               0
          3.266               0               0
          3.268               0               0
           3.27               0               0
          3.272               0               0
          3.274               0               0
          3.276               0               0
          3.278               0               0
           3.28               0               0
          3.282               0               0
          3.284               0               0
          3.286               0               0
          3.288               0               0
           3.29               0               0
          3.292               0               0
          3.294               0               0
          3.296               0               0
          3.298               0               0
            3.3               0               0
          3.302               0               0
          3.304               0               0
          3.306               0               0
          3.308               0               0
           3.31               0               0
          3.312               0               0
          3.314               0               0
          3.316               0               0
          3.318               0               0
           3.32               0               0
          3.322               0               0
          3.324               0               0
          3.326               0               0
          3.328               0               0
           3.33               0               0
          3.332               0               0
          3.334               0               0
          3.336               0               0
          3.338               0               0
           3.34               0               0
          3.342               0               0
          3.344               0               0
          3.346               0               0
          3.348               0               0
           3.35               0               0
          3.352               0               0
          3.354               0               0
          3.356               0               0
          3.358               0               0
           3.36               0               0
          3.362               0               0
          3.364               0               0
          3.366               0               0
          3.368               0               0
           3.37               0               0
          3.372               0               0
          3.374               0               0
          3.376               0               0
          3.378               0               0
           3.38               0               0
          3.382               0               0
          3.384               0               0
          3.386               0               0
          3.388               0               0
           3.39               0               0
          3.392               0               0
          3.394               0               0
          3.396               0               0
          3.398               0               0
            3.4               0               0
          3.402               0               0
          3.404               0               0
          3.406               0               0
          3.408               0               0
           3.41               0               0
          3.412               0               0
          3.414               0               0
          3.416               0               0
          3.418               0               0
           3.42               0               0
          3.422               0               0
          3.424               0               0
          3.426               0               0
          3.428               0               0
           3.43               0               0
          3.432               0               0
          3.434               0               0
          3.436               0               0
          3.438               0               0
           3.44               0               0
          3.442               0               0
          3.444               0               0
          3.446               0               0
          3.448               0               0
           3.45               0               0
          3.452               0               0
          3.454               0               0
          3.456               0               0
          3.458               0               0
           3.46               0               0
          3.462               0               0
          3.464               0               0
          3.466               0               0
          3.468               0               0
           3.47               0               0
          3.472               0               0
          3.474               0               0
          3.476               0               0
          3.478               0               0
           3.48               0               0
          3.482               0               0
          3.484               0               0
          3.486               0               0
          3.488               0               0
           3.49               0               0
          3.492               0               0
          3.494               0               0
          3.496               0               0
          3.498               0               0
            3.5               0               0
