          0.002       299649.52       8845998.5
          0.004       282479.39         8339084
          0.006       266293.18       7861217.8
          0.008       251034.52       7410735.4
           0.01       236650.24       6986067.7
          0.012       223090.24       6585735.3
          0.014        210307.3       6208343.7
          0.016       198256.87       5852578.3
          0.018       186896.98       5517199.8
           0.02       176188.07         5201040
          0.022       166092.82       4902997.6
          0.024       156576.08       4622034.2
          0.026       147604.69       4357171.4
          0.028       139147.39       4107486.3
           0.03       131174.74       3872109.3
          0.032       123658.96       3650220.4
          0.034       116573.86       3441046.7
          0.036       109894.77       3243859.6
          0.038       103598.42       3057972.2
           0.04       97662.882       2882736.9
          0.042       92067.474       2717543.4
          0.044       86792.708       2561816.2
          0.046        81820.21       2415012.9
          0.048       77132.657       2276622.1
           0.05       72713.721       2146161.6
          0.052        68548.01       2023177.1
          0.054       64621.013       1907240.2
          0.056        60919.05       1797946.9
          0.058       57429.225       1694916.6
           0.06       54139.383       1597790.5
          0.062       51038.063       1506230.1
          0.064       48114.463       1419916.4
          0.066       45358.398         1338549
          0.068       42760.267       1261844.2
           0.07       40311.021         1189535
          0.072       38002.127       1121369.4
          0.074       35825.543         1057110
          0.076       33773.687       996532.99
          0.078       31839.411       939427.27
           0.08       30015.978       885593.95
          0.082       28297.035       834845.53
          0.084       26676.595        787005.2
          0.086       25149.014       741906.35
          0.088        23708.97       699391.85
           0.09       22351.447       659313.62
          0.092       21071.716       621532.06
          0.094       19865.319       585915.54
          0.096       18728.053          552340
          0.098       17655.959       520688.49
            0.1         16645.3       490850.75
          0.102       15692.556       462722.84
          0.104       14794.408       436206.79
          0.106       13947.728       411210.22
          0.108       13149.567       387646.07
           0.11       12397.144       365432.24
          0.112       11687.838       344491.37
          0.114       11019.179        324750.5
          0.116       10388.836       306140.87
          0.118       9794.6152       288597.65
           0.12       9234.4457       272059.74
          0.122       8706.3763       256469.52
          0.124       8208.5676       241772.69
          0.126       7739.2855       227918.05
          0.128       7296.8954       214857.34
           0.13       6879.8562       202545.07
          0.132       6486.7151       190938.35
          0.134       6116.1028       179996.74
          0.136       5766.7282       169682.14
          0.138       5437.3742        159958.6
           0.14       5126.8937       150792.27
          0.142       4834.2051       142151.21
          0.144       4558.2889       134005.32
          0.146       4298.1838       126326.23
          0.148        4052.984       119087.18
           0.15       3821.8351       112262.96
          0.152       3603.9321        105829.8
          0.154       3398.5159       99765.288
          0.156        3204.871       94048.298
          0.158       3022.3227       88658.917
           0.16       2850.2353       83578.371
          0.162       2688.0093       78788.963
          0.164       2535.0795       74274.009
          0.166       2390.9132       70017.782
          0.168       2255.0083       66005.455
           0.17       2126.8914       62223.052
          0.172       2006.1161       58657.397
          0.174       1892.2618       55296.071
          0.176       1784.9318       52127.363
          0.178       1683.7524       49140.236
           0.18       1588.3709       46324.284
          0.182       1498.4552       43669.699
          0.184       1413.6921       41167.233
          0.186       1333.7863        38808.17
          0.188       1258.4594       36584.291
           0.19       1187.4491        34487.85
          0.192        1120.508       32511.545
          0.194       1057.4029        30648.49
          0.196       997.91406       28892.197
          0.198       941.83415       27236.547
            0.2       888.96787       25675.773
          0.202       839.13106       24204.439
          0.204       792.15012       22817.418
          0.206       747.86139       21509.879
          0.208        706.1106       20277.269
           0.21       666.75231       19115.292
          0.212       629.64943       18019.902
          0.214        594.6727       16987.282
          0.216        561.7003       16013.836
          0.218       530.61736       15096.173
           0.22       501.31561       14231.096
          0.222       473.69298       13415.592
          0.224       447.65324       12646.819
          0.226        423.1057       11922.101
          0.228       399.96484       11238.912
           0.23       378.15005       10594.873
          0.232       357.58535       9987.7402
          0.234       338.19909       9415.3988
          0.236       319.92375        8875.855
          0.238       302.69567       8367.2295
           0.24       286.45483       7887.7504
          0.242       271.14467       7435.7477
          0.244       256.71184       7009.6466
          0.246       243.10608       6607.9631
          0.248       230.27999       6229.2977
           0.25       218.18889       5872.3316
          0.252       206.79066       5535.8211
          0.254       196.04561       5218.5943
          0.256       185.91629       4919.5459
          0.258       176.36742       4637.6343
           0.26       167.36575       4371.8774
          0.262       158.87991       4121.3496
          0.264       150.88035       3885.1782
          0.266        143.3392       3662.5404
          0.268       136.23019       3452.6607
           0.27       129.52856       3254.8081
          0.272       123.21096       3068.2933
          0.274       117.25538       2892.4666
          0.276       111.64109       2726.7155
          0.278       106.34852       2570.4627
           0.28       101.35924       2423.1639
          0.282       96.655867       3016.6557
          0.284       89.292618       2820.1019
          0.286       85.375459       1583.6588
          0.288       82.957982       976.44686
           0.29       81.469672       617.67808
          0.292        80.48727       445.59151
          0.294       79.687306        370.9869
          0.296       79.003323        323.4325
          0.298       78.393575       293.32239
            0.3       77.830033        340.3391
          0.302       77.032219       293.33832
          0.304        76.65668       91.809787
          0.306        76.66498       534.57202
          0.308       74.518392        1768.405
           0.31        69.59136       3066.8136
          0.312       62.251137       2700.5012
          0.314       58.789355       1929.2186
          0.316       54.534263       2400.4209
          0.318       49.187672        1460.516
           0.32       48.692199       724.29283
          0.322         46.2905       1769.3781
          0.324       41.614686       907.59597
          0.326       42.660117      -427.89546
          0.328       43.326268       212.75417
           0.33         41.8091       851.86296
          0.332       39.918816       788.70581
          0.334       38.654277       571.00749
          0.336       37.634786       566.80591
          0.338       36.387053       474.15548
           0.34       35.738164       558.75607
          0.342       34.152029       821.86833
          0.344       32.450691       580.64668
          0.346       31.829442       581.38872
          0.348       30.125136       702.08089
           0.35       29.021118       212.36472
          0.352       29.275677        220.9934
          0.354       28.137145       681.22142
          0.356       26.550792       617.54022
          0.358       25.666984       436.83643
           0.36       24.803446       380.61817
          0.362       24.144511       431.23059
          0.364       23.078524       568.52344
          0.366       21.870418       474.08791
          0.368       21.182172       352.56108
           0.37       20.460173       366.06872
          0.372       19.717897       394.19619
          0.374       18.883388       438.43352
          0.376       17.964163       422.93807
          0.378       17.191636        372.7773
           0.38       16.473054       346.74447
          0.382       15.804658       294.55525
          0.384       15.294833        277.4398
          0.386       14.694899       315.52168
          0.388       14.032746       300.58817
           0.39       13.492546       289.39162
          0.392        12.87518       289.35833
          0.394       12.335113       238.22675
          0.396       11.922273       238.80639
          0.398       11.379888       284.37978
            0.4       10.784753       272.75707
          0.402       10.288859       240.43365
          0.404       9.8230189       221.27425
          0.406       9.4037623       217.34607
          0.408       8.9536346       222.24165
           0.41       8.5147957       221.50654
          0.412       8.0676084       221.39569
          0.414       7.6292129        196.3303
          0.416       7.2822872       187.18362
          0.418       6.8804785       192.27432
           0.42       6.5131899        160.7075
          0.422       6.2376484       144.53824
          0.424        5.935037       176.06176
          0.426       5.5334014       209.12939
          0.428       5.0985194        180.7404
           0.43       4.8104398       116.52459
          0.432        4.632421       128.90914
          0.434       4.2948033       171.98171
          0.436       3.9444942       130.60212
          0.438       3.7723948       97.426136
           0.44       3.5547896       113.54623
          0.442       3.3182099       127.89207
          0.444       3.0432214         143.506
          0.446       2.7441859       104.34233
          0.448       2.6258521        72.53322
           0.45        2.454053        106.1162
          0.452       2.2013873       111.27219
          0.454       2.0089643       115.84636
          0.456       1.7380018       120.68242
          0.458       1.5262346       73.934738
           0.46       1.4422629       58.108151
          0.462        1.293802       87.763019
          0.464       1.0912108       96.456314
          0.466      0.90797671       88.823151
          0.468      0.73591819       78.815127
           0.47       0.5927162       64.519108
          0.472      0.47784176        57.96447
          0.474      0.36085832       73.503153
          0.476      0.18382914       73.589238
          0.478     0.066501367        31.67973
           0.48     0.057110225       41.356967
          0.482    -0.098926499       77.493056
          0.484       -0.252862       53.307231
          0.486     -0.31215542       47.586695
          0.488     -0.44320878       56.939265
           0.49     -0.53991248       36.414178
          0.492     -0.58886549       29.953194
          0.494     -0.65972526       45.470908
          0.496     -0.77074912       46.056488
          0.498     -0.84395121       20.102789
            0.5     -0.85116028       23.305643
          0.502     -0.93717378       52.505597
          0.504      -1.0611827       52.914685
          0.506      -1.1488325       52.182647
          0.508      -1.2699133       57.329038
           0.51      -1.3781487        24.41518
          0.512       -1.367574      -1.8093815
          0.514      -1.3709111       22.404497
          0.516       -1.457192       44.377716
          0.518       -1.548422       42.288606
           0.52      -1.6263464       19.307771
          0.522      -1.6256531        6.132713
          0.524      -1.6508772       21.816284
          0.526      -1.7129182       15.528552
          0.528      -1.7129914       5.8647827
           0.53      -1.7363774       26.402381
          0.532       -1.818601       29.286459
          0.534      -1.8535232       13.176427
          0.536      -1.8713067       20.121264
          0.538      -1.9340083       14.332842
           0.54       -1.928638       -5.681658
          0.542      -1.9112816       4.2414115
          0.544      -1.9456037       14.617489
          0.546      -1.9697516       6.9794835
          0.548      -1.9735216       -4.489172
           0.55      -1.9517949      -4.8062368
          0.552      -1.9542967       4.4876745
          0.554      -1.9697456       3.1915433
          0.556      -1.9670628      -6.4376955
          0.558      -1.9439948      -15.781775
           0.56      -1.9039357      -5.6299268
          0.562      -1.9214751       11.379037
          0.564      -1.9494519       8.4251543
          0.566      -1.9551757       -1.166904
          0.568      -1.9447843      -5.9875945
           0.57      -1.9312253      -11.623488
          0.572      -1.8982903       -27.02589
          0.574      -1.8231218      -21.532485
          0.576      -1.8121604       5.0619457
          0.578      -1.8433696       8.6116888
           0.58      -1.8466071      0.26099375
          0.582      -1.8444135      -6.5842943
          0.584        -1.82027      -11.894331
          0.586      -1.7968362      -5.2436172
          0.588      -1.7992955      -9.3209155
           0.59      -1.7595526      -23.675591
          0.592      -1.7045931       -21.02474
          0.594      -1.6754536       -23.71703
          0.596       -1.609725       -16.66331
          0.598      -1.6088004       14.226105
            0.6      -1.6666294      -1.7694218
          0.602      -1.6017227      -41.718812
          0.604      -1.4997542      -26.341947
          0.606      -1.4963549       -4.990122
          0.608      -1.4797937       -30.51707
           0.61      -1.3742866      -38.715156
          0.612      -1.3249331      -9.1619765
          0.614      -1.3376387      -12.747029
          0.616       -1.273945      -30.896956
          0.618      -1.2140509      -27.362388
           0.62      -1.1644954      -18.710515
          0.622      -1.1392088      -3.1672977
          0.624      -1.1518262      -25.731117
          0.626      -1.0362843        -47.6807
          0.628     -0.96110341      -15.953778
           0.63     -0.97246923      -3.8850101
          0.632     -0.94556337       -11.01767
          0.634     -0.92839855      -18.491892
          0.636      -0.8715958      -40.900331
          0.638     -0.76479722      -33.271846
           0.64     -0.73850842      -9.9034038
          0.642     -0.72518361      -17.837564
          0.644     -0.66715816       -11.59674
          0.646     -0.67879665      -16.390442
          0.648     -0.60159639      -32.458862
           0.65      -0.5489612      -12.275345
          0.652     -0.55249502       -22.07763
          0.654     -0.46065068      -26.488215
          0.656     -0.44654216       -12.36429
          0.658     -0.41119352      -29.022538
           0.66       -0.330452      -37.885704
          0.662      -0.2596507      -40.410318
          0.664     -0.16881073      -28.412189
          0.666     -0.14600195      -4.9659195
          0.668     -0.14894705       11.174988
           0.67      -0.1907019       14.131261
          0.672      -0.2054721      -14.416246
          0.674     -0.13303692      -26.834355
          0.676    -0.098134679      -23.780719
          0.678    -0.037914038       -22.84365
           0.68    -0.006760078      -25.122422
          0.682     0.062575649      -51.584695
          0.684       0.1995787      -31.178063
          0.686       0.1872879       15.073004
          0.688      0.13928668       0.3207892
           0.69      0.18600475      -31.513778
          0.692       0.2653418      -25.814773
          0.694      0.28926384       3.3945262
          0.696      0.25176369        10.14171
          0.698        0.248697      -14.714736
            0.7      0.31062264      -34.527144
          0.702      0.38680557      -37.997265
          0.704      0.46261169      -21.464009
          0.706      0.47266161        10.60011
          0.708      0.42021125       6.7199436
           0.71      0.44578183      -15.828925
          0.712      0.48352695      -9.1512584
          0.714      0.48238687      -16.923958
          0.716      0.55122279      -26.013628
          0.718      0.58644138      -0.1757774
           0.72       0.5519259       9.6326385
          0.722      0.54791082      -11.546341
          0.724      0.59811126      -18.587247
          0.726      0.62225981      -15.357032
          0.728      0.65953939       -25.26845
           0.73      0.72333361      -5.4357674
          0.732      0.68128246       4.6064897
          0.734      0.70490765      -30.167136
          0.736        0.801951      -26.259942
          0.738      0.80994742      -0.3780738
           0.74      0.80346329       4.6862206
          0.742      0.79120254       3.2042955
          0.744      0.79064611      -10.543666
          0.746       0.8333772      -17.308039
          0.748      0.85987827      -8.4803003
           0.75       0.8672984      -3.1035291
          0.752      0.87229238      -7.8802244
          0.754       0.8988193      -9.9588058
          0.756      0.91212761      0.33701915
          0.758      0.89747122       12.782023
           0.76      0.86099952        17.79102
          0.762      0.82630715       7.2853522
          0.764      0.83185811      -12.036712
          0.766      0.87445399      -18.085164
          0.768      0.90419876      -2.1749461
           0.77      0.88315378        6.517993
          0.772      0.87812679      -6.6791294
          0.774       0.9098703      -9.3686148
          0.776      0.91560125       10.483739
          0.778      0.86793534       14.309167
           0.78      0.85836458      -3.7259118
          0.782      0.88283899      -2.3992257
          0.784      0.86796148       13.026922
          0.786       0.8307313       6.0733152
          0.788      0.84366822      -10.877805
           0.79      0.87424252     -0.07070005
          0.792      0.84395102       7.4861023
          0.794      0.84429811       0.3241931
          0.796      0.84265425       6.3751461
          0.798      0.81879753       2.5508486
            0.8      0.83245085       6.1066119
          0.802      0.79437108       7.0986748
          0.804      0.80405616       -14.13931
          0.806      0.85092832       2.3237309
          0.808      0.79476123       23.975457
           0.81      0.75502649       13.743205
          0.812      0.73978841       7.6764348
          0.814      0.72432075      -1.9125325
          0.816      0.74743854      -8.4130189
          0.818      0.75797283       4.7776362
           0.82        0.728328       9.9814498
          0.822      0.71804703      -1.1715635
          0.824      0.73301425       4.7966555
          0.826      0.69886041       19.942267
          0.828      0.65324518        7.001102
           0.83        0.670856       -7.626796
          0.832      0.68375237       5.6948604
          0.834      0.64807656       14.035796
          0.836      0.62760918       12.658948
          0.838      0.59744076       10.811798
           0.84      0.58436199      0.88532977
          0.842      0.59389944       6.8026538
          0.844      0.55715137       14.158867
          0.846      0.53726398      -2.1027665
          0.848      0.56556244     -0.88089165
           0.85      0.54078754       25.298235
          0.852       0.4643695       10.836118
          0.854      0.49744307      -20.294362
          0.856      0.54554695       3.8770412
          0.858      0.48193491       30.113296
           0.86      0.42509376       17.499164
          0.862      0.41193825       3.7912905
          0.864       0.4099286      -6.8070275
          0.866      0.43916636      -5.5956054
          0.868      0.43231102       15.743721
           0.87      0.37619148       12.999041
          0.872      0.38031486      -1.4337004
          0.874      0.38192628       8.1434146
          0.876       0.3477412       11.394626
          0.878      0.33634777       1.5948327
           0.88      0.34136187      0.14074682
          0.882      0.33578479       2.4205396
          0.884      0.33167971       4.5498605
          0.886      0.31758535       16.594186
          0.888      0.26530297       11.275751
           0.89      0.27248234      -13.708679
          0.892      0.32013768      -2.5438399
          0.894       0.2826577       17.130888
          0.896      0.25161413       4.7570739
          0.898       0.2636294        3.973008
            0.9       0.2357221       6.5554679
          0.902      0.23740753      -3.4178412
          0.904      0.24939346      -1.4955691
          0.906      0.24338981       1.7840554
          0.908      0.24225724       2.5243728
           0.91      0.23329232       3.1410535
          0.912      0.22969302      -1.7824624
          0.914      0.24042217      -9.2542892
          0.916      0.26671018      -1.0839773
          0.918      0.24475808       19.437286
           0.92      0.18896104       12.172134
          0.922      0.19606954      -11.136522
          0.924      0.23350712      -9.5333933
          0.926      0.23420311      0.58879708
          0.928      0.23115194       2.5175194
           0.93      0.22413304       1.9909435
          0.932      0.22318816       4.4396274
          0.934      0.20637453       7.1221906
          0.936       0.1946994      -6.9525836
          0.938      0.23418486      -18.400382
           0.94      0.26830093      -10.725829
          0.942      0.27708818       5.1075963
          0.944      0.24787054       11.408033
          0.946      0.23145604      0.38912828
          0.948      0.24631403      -3.3741854
           0.95      0.24495279       7.5848107
          0.952      0.21597479       12.055291
          0.954      0.19673162       0.2297766
          0.956      0.21505568      -10.480634
          0.958      0.23865416      -7.0463293
           0.96        0.243241       1.4093657
          0.962      0.23301669        1.073774
          0.964       0.2389459       -8.525479
          0.966      0.26711861      -6.4029859
          0.968      0.26455785       8.4116021
           0.97       0.2334722       6.0915797
          0.972      0.24019153      -2.4913546
          0.974      0.24343762       4.3367331
          0.976      0.22284459      0.41182028
          0.978      0.24179034      -6.9736995
           0.98      0.25073939      -2.3395504
          0.982      0.25114854       -6.924625
          0.984      0.27843789      -4.0633155
          0.986       0.2674018       1.7690021
          0.988      0.27136188      -6.7973717
           0.99      0.29459129      -6.0987613
          0.992      0.29575693       -7.676258
          0.994      0.32529632      -4.4474627
          0.996      0.31354678       11.248044
          0.998      0.28030414       5.7743684
              1      0.29044931       -2.481381
          1.002      0.29022967      0.95476535
          1.004      0.28663025      -9.5049831
          1.006       0.3282496      -15.677778
          1.008      0.34934136       2.7045707
           1.01      0.31743132       13.847392
          1.012      0.29395179        3.294384
          1.014      0.30425378       -9.587571
          1.016      0.33230208      -5.9456093
          1.018      0.32803622      -2.6802224
           1.02      0.34302297      -7.6041011
          1.022      0.35845262      0.05599715
          1.024      0.34279898       4.9114275
          1.026      0.33880691       2.4932207
          1.028      0.33282609      0.61046687
           1.03      0.33636504       -7.283967
          1.032      0.36196196      -10.222823
          1.034      0.37725634       4.1805454
          1.036      0.34523978       10.057698
          1.038      0.33702555      -5.2215631
           1.04      0.36612603      -7.2990071
          1.042      0.36622158      0.26756543
          1.044      0.36505577      -3.7621151
          1.046      0.38127004      -4.1316154
          1.048      0.38158223       0.5567131
           1.05      0.37904318      -6.2376528
          1.052      0.40653284      -5.8581702
          1.054      0.40247586      0.13400165
          1.056      0.40599684      -9.7234999
          1.058      0.44136986      -10.057792
           1.06        0.446228       3.4849494
          1.062      0.42743007       2.8387111
          1.064      0.43487316      -5.1087602
          1.066      0.44786511       1.8984517
          1.068      0.42727935       2.0942446
           1.07      0.43948813      -6.0638347
          1.072      0.45153469      -6.0459208
          1.074      0.46367181      -3.4422947
          1.076      0.46530387       3.3913904
          1.078      0.45010625      -4.0513308
           1.08      0.48150919       -11.34458
          1.082      0.49548457       0.3331611
          1.084      0.48017655       5.6239908
          1.086      0.47298861       3.2668502
          1.088      0.46710915      0.39175535
           1.09      0.47142158      0.67000218
          1.092      0.46442914      -1.3620265
          1.094      0.47686969      -6.8049193
          1.096      0.49164882     -0.52310048
          1.098      0.47896209       3.0403237
            1.1      0.47948752       3.7482494
          1.102       0.4639691       7.2129503
          1.104      0.45063572       0.4200865
          1.106      0.46228875      -8.0263555
          1.108      0.48274114      -2.9619689
           1.11      0.47413662       11.179459
          1.112      0.43802331       2.6828673
          1.114      0.46340516      -10.886638
          1.116      0.48156986       7.0291902
          1.118      0.43528839       12.433385
           1.12      0.43183632      -1.0341643
          1.122      0.43942505      -3.4872257
          1.124      0.44578522      -6.5436477
          1.126      0.46559964      -3.8707297
          1.128      0.46126814       0.6236861
           1.13       0.4631049       4.3428993
          1.132      0.44389654       7.6443199
          1.134      0.43252762      -1.2708785
          1.136      0.44898006      -3.1709702
          1.138       0.4452115       -2.302985
           1.14        0.458192      -2.5479606
          1.142      0.45540334       10.471672
          1.144      0.41630531       10.944736
          1.146       0.4116244        5.873059
          1.148      0.39281307       8.0139165
           1.15      0.37956873      -6.1115642
          1.152      0.41725933      -11.914641
          1.154       0.4272273      -2.4183656
          1.156      0.42693279      0.94681167
          1.158      0.42344005       6.0989889
           1.16      0.40253684       9.7413472
          1.162      0.38447466       2.1619878
          1.164      0.39388889      -3.0700855
          1.166        0.396755        5.785193
          1.168      0.37074811        6.114596
           1.17      0.37229662       0.9941117
          1.172      0.36677167       1.9410498
          1.174      0.36453242     -0.30676925
          1.176      0.36799874      -5.4131925
          1.178      0.38618519       -12.53633
           1.18      0.41814406       -5.300163
          1.182      0.40738584       6.9189987
          1.184      0.39046807       1.8456804
          1.186      0.40000312      -4.8930317
          1.188      0.41004019       10.014195
           1.19      0.35994634       22.367268
          1.192      0.32057112       5.8836935
          1.194      0.33641157      -7.7135235
          1.196      0.35142522      -9.9572615
          1.198      0.37624061      -9.3576866
            1.2      0.38885596      -1.0360312
          1.202      0.38038474       6.2105451
          1.204      0.36401378       7.8528509
          1.206      0.34897333        4.294675
          1.208      0.34683508      0.52973642
           1.21      0.34685439      -0.4958737
          1.212      0.34881858      -0.3909705
          1.214      0.34841827     0.058873475
          1.216      0.34858308       3.1264638
          1.218      0.33591241       8.5969125
           1.22      0.31419543       6.3907176
          1.222      0.31034954       2.1130048
          1.224      0.30574341      -3.2754074
          1.226      0.32345117      -8.9848993
          1.228      0.34168301       0.9047882
           1.23      0.31983202       7.4311371
          1.232      0.31195846      -3.5999195
          1.234       0.3342317      -2.3865393
          1.236      0.32150462       11.620082
          1.238      0.28775137       9.1913241
           1.24      0.28473932       3.5862052
          1.242      0.27340655       10.312927
          1.244      0.24348762       7.0603405
          1.246      0.24516519      -4.9814384
          1.248      0.26341337       2.5929532
           1.25      0.23479338       15.940081
          1.252      0.19965304       2.1041602
          1.254      0.22637673      -15.554507
          1.256      0.26187107      -4.9281799
          1.258      0.24608945       4.3368623
           1.26      0.24452362       2.0486235
          1.262      0.23789496       2.8104621
          1.264      0.23328177      -4.8513258
          1.266      0.25730026      -2.3589012
          1.268      0.24271738       6.8310457
           1.27      0.22997608       3.2112923
          1.272      0.22987221       4.5410498
          1.274      0.21181188       4.7940539
          1.276      0.21069599      -1.8144991
          1.278      0.21906988       3.4815855
           1.28      0.19676965        13.48402
          1.282       0.1651338       10.269592
          1.284      0.15569128      -5.1872751
          1.286       0.1858829      -10.063512
          1.288      0.19594533       5.8244236
           1.29       0.1625852       2.4018084
          1.292       0.1863381      -12.450971
          1.294      0.21238909       1.4968027
          1.296      0.18035088       9.2816637
          1.298      0.17526243      0.56307398
            1.3      0.17809859       3.6409619
          1.302      0.16069859       6.8027447
          1.304      0.15088761       5.1620588
          1.306      0.14005035       2.3718214
          1.308      0.14140032       -3.762643
           1.31      0.15510092      -1.0655734
          1.312      0.14566262       5.9605311
          1.314       0.1312588        4.268752
          1.316      0.12858761       5.3007189
          1.318      0.11005592       6.3875918
           1.32      0.10303724        1.333181
          1.322       0.1047232       2.5767302
          1.324     0.092730323       3.4138459
          1.326     0.091067816       4.5915199
          1.328     0.074364243       6.3894695
           1.33     0.065509938       3.2962748
          1.332     0.061179144       6.2513443
          1.334     0.040504561       2.9207604
          1.336     0.049496102      0.00936772
          1.338      0.04046709       3.8737074
           1.34     0.034001272      -1.8304109
          1.342     0.047788734       2.4907006
          1.344      0.02403847       7.8798921
          1.346     0.016269165       1.7591572
          1.348     0.017001841     -0.99973355
           1.35       0.0202681      -1.3914985
          1.352     0.022567835      0.47553666
          1.354     0.018365953      -2.8886888
          1.356      0.03412259      -0.1446378
          1.358     0.018944504       5.1724288
           1.36     0.013432875       2.2932369
          1.362    0.0097715564       3.1518979
          1.364   0.00082528315       2.4491062
          1.366  -2.4868326e-05       8.3560971
          1.368    -0.032599105       6.6020987
           1.37    -0.026433263        -4.12954
          1.372    -0.016080945       2.9617691
          1.374     -0.03828034       6.1632912
          1.376     -0.04073411       1.4001475
          1.378     -0.04388093      0.51135266
           1.38    -0.042779521       3.0652434
          1.382    -0.056141904       5.0822596
          1.384    -0.063108559      -3.7260254
          1.386    -0.041237802      -4.5209374
          1.388    -0.045024809       2.6410585
           1.39    -0.051802036       3.3084856
          1.392    -0.058258752       3.3933315
          1.394    -0.065375362      -1.1027902
          1.396    -0.053847591      -2.2217056
          1.398    -0.056488539       3.1479413
            1.4    -0.066439356        5.295608
          1.402    -0.077670971       3.5511384
          1.404     -0.08064391      -3.4123633
          1.406    -0.064021518      -3.4231933
          1.408    -0.066951137       6.7824166
           1.41    -0.091151185       8.5476658
          1.412      -0.1011418      -2.2958319
          1.414    -0.081967857      -7.6027194
          1.416    -0.070730922      -1.8321046
          1.418    -0.074639439      0.72838567
           1.42    -0.073644465     -0.27505759
          1.422    -0.073539208       -1.836788
          1.424    -0.066297313      0.68495732
          1.426    -0.076279038       6.7645971
          1.428    -0.093355701       5.7474993
           1.43    -0.099269035       2.6980746
          1.432       -0.104148       2.0874996
          1.434     -0.10761903       1.2839957
          1.436     -0.10928398      -5.7051489
          1.438    -0.084798438      -8.6092067
           1.44    -0.074847155      -1.0379952
          1.442    -0.080646457      0.78477955
          1.444    -0.077986274     -0.38754889
          1.446    -0.079096261       2.6800996
          1.448    -0.088706672       3.8966946
           1.45     -0.09468304      -4.7989671
          1.452    -0.069510803      -11.520623
          1.454    -0.048600548      -5.3465922
          1.456    -0.048124435       2.9758394
          1.458    -0.060503906       3.5718056
           1.46    -0.062411657      -1.8977929
          1.462    -0.052912734      0.10553812
          1.464    -0.062833809       2.8972543
          1.466    -0.064501751      -0.9765323
          1.468     -0.05892768        4.946011
           1.47    -0.084285795       8.9979311
          1.472    -0.094919405      -3.6216123
          1.474    -0.069799346      -10.340082
          1.476    -0.053559075     -0.36998005
          1.478    -0.068319426       3.1828906
           1.48    -0.066290637      -2.6534788
          1.482    -0.057705511      0.63880149
          1.484    -0.068845843       1.1647829
          1.486    -0.062364642      -4.2081358
          1.488      -0.0520133      -6.1527082
           1.49    -0.037753809      -9.2164858
          1.492    -0.015147357      -3.7140619
          1.494    -0.022897562        8.839881
          1.496    -0.050506881       5.3399662
          1.498    -0.044257427      -1.7668821
            1.5    -0.043439352     -0.84250481
          1.502    -0.040887407       -2.093491
          1.504    -0.035065388       4.7420033
          1.506    -0.059855421       6.3063715
          1.508    -0.060290875      -3.3573114
           1.51    -0.046426175      -5.4606275
          1.512    -0.038448364       -6.268832
          1.514    -0.021350847      -6.5085603
          1.516    -0.012414123       3.1907279
          1.518    -0.034113758       8.7187607
           1.52    -0.047289166     -0.76128079
          1.522    -0.031068635       -3.219074
          1.524     -0.03441287       2.5302307
          1.526    -0.041189558     -0.35081219
          1.528    -0.033009622      -1.8183915
           1.53    -0.033915992      0.89622064
          1.532    -0.036594504      -2.8016192
          1.534    -0.022709515      -1.3157777
          1.536    -0.031331393       7.1459977
          1.538    -0.051293506       5.2427957
           1.54    -0.052302576      0.83085598
          1.542     -0.05461693      -3.9477041
          1.544     -0.03651176      -6.2187261
          1.546    -0.029742026      0.54132019
          1.548    -0.038677041      -3.1366957
           1.55    -0.017195243      -3.1375707
          1.552    -0.026126758       8.2812243
          1.554    -0.050320141       2.7976185
          1.556    -0.037317232      -1.6071989
          1.558    -0.043891345       4.4778915
           1.56    -0.055228798       2.5679265
          1.562    -0.054163051       1.7486574
          1.564    -0.062223427     -0.28807817
          1.566    -0.053010738      -6.6470717
          1.568    -0.035635141      -4.1695445
           1.57     -0.03633256       2.3148532
          1.572    -0.044894554       2.8141552
          1.574    -0.047589181      0.98392366
          1.576    -0.048830248       2.6424354
          1.578    -0.058158923       1.2093358
           1.58    -0.053667591      -5.5844191
          1.582    -0.035821247      -5.2238026
          1.584    -0.032772381      0.24588513
          1.586    -0.036804787       4.1444657
          1.588    -0.049350243       4.8124165
           1.59    -0.056054453      -5.1850909
          1.592     -0.02860988      -10.727102
          1.594    -0.013146046       -1.970069
          1.596    -0.020729604       5.8759445
          1.598    -0.036649824       6.9270329
            1.6    -0.048437736      -2.5789084
          1.602     -0.02633419      -6.8610706
          1.604    -0.020993453      -2.0068394
          1.606    -0.018306833      -5.8489388
          1.608    0.0024023024      -3.8448211
           1.61   -0.0029275482       1.6543002
          1.612   -0.0042148985      -1.1136908
          1.614     0.001527215      -0.3669084
          1.616   -0.0027472649      -1.4038171
          1.618    0.0071424836        -4.56891
           1.62     0.015528375       2.3093939
          1.622   -0.0020950919       3.5168786
          1.624    0.0014608609      -0.5876444
          1.626   0.00025548571       3.0102476
          1.628    -0.010580129      -5.3973693
           1.63     0.021844963      -10.694643
          1.632     0.032198443       2.3202721
          1.634     0.012563875       5.5414177
          1.636     0.010032772      -1.7703652
          1.638     0.019645335      -2.8349627
           1.64     0.021372623       5.3618631
          1.642   -0.0018021171       7.9716582
          1.644     -0.01051401      -3.2386111
          1.646     0.011152327      -6.8264486
          1.648     0.016791784      -1.2203397
           1.65     0.016033686       4.4400308
          1.652  -0.00096833921       4.2904654
          1.654   -0.0011281754      -4.5877516
          1.656     0.017382667     -0.59509219
          1.658    0.0012521933       2.4180833
           1.66    0.0077103341      -6.3326541
          1.662      0.02658281      -2.2659445
          1.664     0.016774112       6.6320533
          1.666    5.459664e-05       5.1602813
          1.668   -0.0038670133       1.3889073
           1.67   -0.0055010325      0.68976041
          1.672   -0.0066260549     -0.98561733
          1.674   -0.0015585632       3.4319638
          1.676     -0.02035391        7.379868
          1.678    -0.031078035       -3.024924
           1.68   -0.0082542142      -5.1274021
          1.682    -0.010568427       1.5904817
          1.684    -0.014616141      -3.0686634
          1.686    0.0017062268      -5.1602376
          1.688    0.0060248092      -0.3975734
           1.69    0.0032965204      -1.5275934
          1.692     0.012135183      -4.3928526
          1.694     0.020867931       3.2718021
          1.696  -0.00095202568       10.370909
          1.698    -0.020615705       2.5584044
            1.7    -0.011185643      -3.9858555
          1.702   -0.0046722831       3.1083644
          1.704    -0.023619101       6.6192266
          1.706    -0.031149189       2.4558829
          1.708    -0.033442632       6.5239198
           1.71    -0.057244869       6.7887008
          1.712    -0.060597436      -5.8552132
          1.714    -0.033824016      -10.224144
          1.716    -0.019700859      -1.3981134
          1.718    -0.028231562       1.8258549
           1.72    -0.027004278       -1.772475
          1.722    -0.021141662       1.8906044
          1.724    -0.034566696       7.6126229
          1.726    -0.051592154       1.4299765
          1.728    -0.040286602      -6.7450448
           1.73    -0.024611975       0.2295105
          1.732    -0.041204644       4.2060039
          1.734     -0.04143599      -3.8465487
          1.736    -0.025818449      -5.5681901
          1.738     -0.01916323      -3.1935645
           1.74    -0.013044191     0.028220547
          1.742    -0.019276112       4.2601002
          1.744    -0.030084592       3.7819222
          1.746    -0.034403801     -0.33880785
          1.748    -0.028729361      -1.9649317
           1.75    -0.026544074       2.4432585
          1.752    -0.038502395       4.8299084
          1.754    -0.045863707    -0.017326255
          1.756     -0.03843309       3.2177244
          1.758    -0.058734605       4.2542252
           1.76     -0.05544999      -8.6344505
          1.762    -0.024196803      -4.4323102
          1.764    -0.037720749        2.270288
          1.766    -0.033277955      -3.8028152
          1.768    -0.022509489       2.1653631
           1.77    -0.041939408       7.1667025
          1.772    -0.051176299      -1.5352823
          1.774    -0.035798279      -9.0840066
          1.776    -0.014840272      -3.4441699
          1.778    -0.022021599       7.4101309
           1.78    -0.044480796       5.8177707
          1.782    -0.045292682      -3.4454475
          1.784    -0.030699006     -0.36363501
          1.786    -0.043838142       4.6338725
          1.788    -0.049234496      -6.4887983
           1.79    -0.017882949      -5.5417704
          1.792    -0.027067414        7.276669
          1.794    -0.046989625       2.7176618
          1.796    -0.037938062      -5.6576761
          1.798    -0.024358921      -4.9758489
            1.8    -0.018034666       2.3110625
          1.802    -0.033603171        3.979807
          1.804    -0.033953894      -1.6365103
          1.806     -0.02705713      -1.2763646
          1.808    -0.028848436      0.07393223
           1.81    -0.027352859      -3.0573241
          1.812    -0.016619139      -5.5298707
          1.814   -0.0052333757      -0.4142435
          1.816    -0.014962165       4.3332898
          1.818    -0.022566535       2.7304541
           1.82    -0.025883981       2.0048036
          1.822    -0.030585749      -1.0208946
          1.824    -0.021800403      -1.1898768
          1.826    -0.025826242      0.92728642
          1.828    -0.025509549     -0.69933175
           1.83    -0.023028915       5.4668544
          1.832    -0.047376966       8.2005964
          1.834    -0.055831301       2.5478888
          1.836    -0.057568521       1.7526937
          1.838    -0.062842076     -0.95779839
           1.84    -0.053737328      -4.6135151
          1.842    -0.044388015      -3.1793214
          1.844    -0.041020042      -3.4147628
          1.846    -0.030728964      -3.8532974
          1.848    -0.025606853       3.3461979
           1.85    -0.044113755       9.8217119
          1.852      -0.0648937       5.4130721
          1.854    -0.065766044      -2.7498354
          1.856    -0.053894359      -2.6896934
          1.858     -0.05500727     -0.18695864
           1.86    -0.053146524      -1.5888229
          1.862    -0.048651978       1.0365443
          1.864    -0.057292701       1.5401778
          1.866     -0.05481269      0.07995187
          1.868    -0.057612509       1.0593109
           1.87    -0.059049933      -3.2779412
          1.872    -0.044500744      -3.4236569
          1.874    -0.045355306      0.53992513
          1.876    -0.046660445      0.38845514
          1.878    -0.046909126       2.4821737
           1.88    -0.056589139      0.81593199
          1.882    -0.050172854      -2.6165577
          1.884    -0.046122909    -0.029829882
          1.886    -0.050053535      -1.2475217
          1.888    -0.041132822      -3.6840236
           1.89     -0.03531744    -0.064583882
          1.892    -0.040874486      0.91015349
          1.894    -0.038958054      -2.6600312
          1.896    -0.030234361     -0.81260392
          1.898    -0.035707639        1.758801
            1.9    -0.037269565     -0.08367528
          1.902    -0.035372937    -0.074752655
          1.904    -0.036970555      -0.9602468
          1.906     -0.03153195     -0.73907281
          1.908    -0.034014264      0.18814315
           1.91    -0.032284523     -0.91347251
          1.912    -0.030360373      -1.7475532
          1.914     -0.02529431      -3.5056523
          1.916    -0.016337764       -1.036768
          1.918    -0.021147238       5.2245179
           1.92    -0.037235836       7.7874982
          1.922    -0.052297231       2.6895517
          1.924    -0.047994043     0.019651338
          1.926    -0.052375836       1.2326598
          1.928    -0.052924682      -3.3212167
           1.93    -0.039090969      -3.1391795
          1.932    -0.040367964        2.975497
          1.934    -0.050992957       2.9683606
          1.936    -0.052241406      -2.8913881
          1.938    -0.039427405      -4.9945065
           1.94    -0.032263381      -5.4987092
          1.942    -0.017432568      -5.9573382
          1.944   -0.0084340279       3.5406164
          1.946    -0.031595034       8.1666515
          1.948    -0.041100634     -0.23026415
           1.95    -0.030673977      -2.2027588
          1.952    -0.032289599      -1.7002394
          1.954    -0.023873019        -4.04244
          1.956    -0.016119839      -1.9678811
          1.958    -0.016001495      -2.0839495
           1.96   -0.0077840406      -1.8030971
          1.962   -0.0087891065      -2.9131116
          1.964    0.0038684057      -4.4400116
          1.966      0.00897094       2.4703246
          1.968   -0.0060128926       5.9897732
           1.97    -0.014988153       2.5068194
          1.972     -0.01604017     -0.67449339
          1.974    -0.012290179      -1.7767713
          1.976   -0.0089330851      -2.2003995
          1.978   -0.0034885813        3.797845
           1.98    -0.024124465       8.2715535
          1.982    -0.036574795      -2.4883401
          1.984    -0.014171105      -5.5471463
          1.986     -0.01438621      0.57092221
          1.988    -0.016454794      -1.5489977
           1.99   -0.0081902196       1.4288788
          1.992    -0.022170309       3.3908143
          1.994    -0.021753477      -4.6325982
          1.996   -0.0036399159      -5.7977796
          1.998    0.0014376416     -0.90997897
              2               0      0.35941039
          2.002               0               0
          2.004               0               0
          2.006               0               0
          2.008               0               0
           2.01               0               0
          2.012               0               0
          2.014               0               0
          2.016               0               0
          2.018               0               0
           2.02               0               0
          2.022               0               0
          2.024               0               0
          2.026               0               0
          2.028               0               0
           2.03               0               0
          2.032               0               0
          2.034               0               0
          2.036               0               0
          2.038               0               0
           2.04               0               0
          2.042               0               0
          2.044               0               0
          2.046               0               0
          2.048               0               0
           2.05               0               0
          2.052               0               0
          2.054               0               0
          2.056               0               0
          2.058               0               0
           2.06               0               0
          2.062               0               0
          2.064               0               0
          2.066               0               0
          2.068               0               0
           2.07               0               0
          2.072               0               0
          2.074               0               0
          2.076               0               0
          2.078               0               0
           2.08               0               0
          2.082               0               0
          2.084               0               0
          2.086               0               0
          2.088               0               0
           2.09               0               0
          2.092               0               0
          2.094               0               0
          2.096               0               0
          2.098               0               0
            2.1               0               0
          2.102               0               0
          2.104               0               0
          2.106               0               0
          2.108               0               0
           2.11               0               0
          2.112               0               0
          2.114               0               0
          2.116               0               0
          2.118               0               0
           2.12               0               0
          2.122               0               0
          2.124               0               0
          2.126               0               0
          2.128               0               0
           2.13               0               0
          2.132               0               0
          2.134               0               0
          2.136               0               0
          2.138               0               0
           2.14               0               0
          2.142               0               0
          2.144               0               0
          2.146               0               0
          2.148               0               0
           2.15               0               0
          2.152               0               0
          2.154               0               0
          2.156               0               0
          2.158               0               0
           2.16               0               0
          2.162               0               0
          2.164               0               0
          2.166               0               0
          2.168               0               0
           2.17               0               0
          2.172               0               0
          2.174               0               0
          2.176               0               0
          2.178               0               0
           2.18               0               0
          2.182               0               0
          2.184               0               0
          2.186               0               0
          2.188               0               0
           2.19               0               0
          2.192               0               0
          2.194               0               0
          2.196               0               0
          2.198               0               0
            2.2               0               0
          2.202               0               0
          2.204               0               0
          2.206               0               0
          2.208               0               0
           2.21               0               0
          2.212               0               0
          2.214               0               0
          2.216               0               0
          2.218               0               0
           2.22               0               0
          2.222               0               0
          2.224               0               0
          2.226               0               0
          2.228               0               0
           2.23               0               0
          2.232               0               0
          2.234               0               0
          2.236               0               0
          2.238               0               0
           2.24               0               0
          2.242               0               0
          2.244               0               0
          2.246               0               0
          2.248               0               0
           2.25               0               0
          2.252               0               0
          2.254               0               0
          2.256               0               0
          2.258               0               0
           2.26               0               0
          2.262               0               0
          2.264               0               0
          2.266               0               0
          2.268               0               0
           2.27               0               0
          2.272               0               0
          2.274               0               0
          2.276               0               0
          2.278               0               0
           2.28               0               0
          2.282               0               0
          2.284               0               0
          2.286               0               0
          2.288               0               0
           2.29               0               0
          2.292               0               0
          2.294               0               0
          2.296               0               0
          2.298               0               0
            2.3               0               0
          2.302               0               0
          2.304               0               0
          2.306               0               0
          2.308               0               0
           2.31               0               0
          2.312               0               0
          2.314               0               0
          2.316               0               0
          2.318               0               0
           2.32               0               0
          2.322               0               0
          2.324               0               0
          2.326               0               0
          2.328               0               0
           2.33               0               0
          2.332               0               0
          2.334               0               0
          2.336               0               0
          2.338               0               0
           2.34               0               0
          2.342               0               0
          2.344               0               0
          2.346               0               0
          2.348               0               0
           2.35               0               0
          2.352               0               0
          2.354               0               0
          2.356               0               0
          2.358               0               0
           2.36               0               0
          2.362               0               0
          2.364               0               0
          2.366               0               0
          2.368               0               0
           2.37               0               0
          2.372               0               0
          2.374               0               0
          2.376               0               0
          2.378               0               0
           2.38               0               0
          2.382               0               0
          2.384               0               0
          2.386               0               0
          2.388               0               0
           2.39               0               0
          2.392               0               0
          2.394               0               0
          2.396               0               0
          2.398               0               0
            2.4               0               0
          2.402               0               0
          2.404               0               0
          2.406               0               0
          2.408               0               0
           2.41               0               0
          2.412               0               0
          2.414               0               0
          2.416               0               0
          2.418               0               0
           2.42               0               0
          2.422               0               0
          2.424               0               0
          2.426               0               0
          2.428               0               0
           2.43               0               0
          2.432               0               0
          2.434               0               0
          2.436               0               0
          2.438               0               0
           2.44               0               0
          2.442               0               0
          2.444               0               0
          2.446               0               0
          2.448               0               0
           2.45               0               0
          2.452               0               0
          2.454               0               0
          2.456               0               0
          2.458               0               0
           2.46               0               0
          2.462               0               0
          2.464               0               0
          2.466               0               0
          2.468               0               0
           2.47               0               0
          2.472               0               0
          2.474               0               0
          2.476               0               0
          2.478               0               0
           2.48               0               0
          2.482               0               0
          2.484               0               0
          2.486               0               0
          2.488               0               0
           2.49               0               0
          2.492               0               0
          2.494               0               0
          2.496               0               0
          2.498               0               0
            2.5               0               0
          2.502               0               0
          2.504               0               0
          2.506               0               0
          2.508               0               0
           2.51               0               0
          2.512               0               0
          2.514               0               0
          2.516               0               0
          2.518               0               0
           2.52               0               0
          2.522               0               0
          2.524               0               0
          2.526               0               0
          2.528               0               0
           2.53               0               0
          2.532               0               0
          2.534               0               0
          2.536               0               0
          2.538               0               0
           2.54               0               0
          2.542               0               0
          2.544               0               0
          2.546               0               0
          2.548               0               0
           2.55               0               0
          2.552               0               0
          2.554               0               0
          2.556               0               0
          2.558               0               0
           2.56               0               0
          2.562               0               0
          2.564               0               0
          2.566               0               0
          2.568               0               0
           2.57               0               0
          2.572               0               0
          2.574               0               0
          2.576               0               0
          2.578               0               0
           2.58               0               0
          2.582               0               0
          2.584               0               0
          2.586               0               0
          2.588               0               0
           2.59               0               0
          2.592               0               0
          2.594               0               0
          2.596               0               0
          2.598               0               0
            2.6               0               0
          2.602               0               0
          2.604               0               0
          2.606               0               0
          2.608               0               0
           2.61               0               0
          2.612               0               0
          2.614               0               0
          2.616               0               0
          2.618               0               0
           2.62               0               0
          2.622               0               0
          2.624               0               0
          2.626               0               0
          2.628               0               0
           2.63               0               0
          2.632               0               0
          2.634               0               0
          2.636               0               0
          2.638               0               0
           2.64               0               0
          2.642               0               0
          2.644               0               0
          2.646               0               0
          2.648               0               0
           2.65               0               0
          2.652               0               0
          2.654               0               0
          2.656               0               0
          2.658               0               0
           2.66               0               0
          2.662               0               0
          2.664               0               0
          2.666               0               0
          2.668               0               0
           2.67               0               0
          2.672               0               0
          2.674               0               0
          2.676               0               0
          2.678               0               0
           2.68               0               0
          2.682               0               0
          2.684               0               0
          2.686               0               0
          2.688               0               0
           2.69               0               0
          2.692               0               0
          2.694               0               0
          2.696               0               0
          2.698               0               0
            2.7               0               0
          2.702               0               0
          2.704               0               0
          2.706               0               0
          2.708               0               0
           2.71               0               0
          2.712               0               0
          2.714               0               0
          2.716               0               0
          2.718               0               0
           2.72               0               0
          2.722               0               0
          2.724               0               0
          2.726               0               0
          2.728               0               0
           2.73               0               0
          2.732               0               0
          2.734               0               0
          2.736               0               0
          2.738               0               0
           2.74               0               0
          2.742               0               0
          2.744               0               0
          2.746               0               0
          2.748               0               0
           2.75               0               0
          2.752               0               0
          2.754               0               0
          2.756               0               0
          2.758               0               0
           2.76               0               0
          2.762               0               0
          2.764               0               0
          2.766               0               0
          2.768               0               0
           2.77               0               0
          2.772               0               0
          2.774               0               0
          2.776               0               0
          2.778               0               0
           2.78               0               0
          2.782               0               0
          2.784               0               0
          2.786               0               0
          2.788               0               0
           2.79               0               0
          2.792               0               0
          2.794               0               0
          2.796               0               0
          2.798               0               0
            2.8               0               0
          2.802               0               0
          2.804               0               0
          2.806               0               0
          2.808               0               0
           2.81               0               0
          2.812               0               0
          2.814               0               0
          2.816               0               0
          2.818               0               0
           2.82               0               0
          2.822               0               0
          2.824               0               0
          2.826               0               0
          2.828               0               0
           2.83               0               0
          2.832               0               0
          2.834               0               0
          2.836               0               0
          2.838               0               0
           2.84               0               0
          2.842               0               0
          2.844               0               0
          2.846               0               0
          2.848               0               0
           2.85               0               0
          2.852               0               0
          2.854               0               0
          2.856               0               0
          2.858               0               0
           2.86               0               0
          2.862               0               0
          2.864               0               0
          2.866               0               0
          2.868               0               0
           2.87               0               0
          2.872               0               0
          2.874               0               0
          2.876               0               0
          2.878               0               0
           2.88               0               0
          2.882               0               0
          2.884               0               0
          2.886               0               0
          2.888               0               0
           2.89               0               0
          2.892               0               0
          2.894               0               0
          2.896               0               0
          2.898               0               0
            2.9               0               0
          2.902               0               0
          2.904               0               0
          2.906               0               0
          2.908               0               0
           2.91               0               0
          2.912               0               0
          2.914               0               0
          2.916               0               0
          2.918               0               0
           2.92               0               0
          2.922               0               0
          2.924               0               0
          2.926               0               0
          2.928               0               0
           2.93               0               0
          2.932               0               0
          2.934               0               0
          2.936               0               0
          2.938               0               0
           2.94               0               0
          2.942               0               0
          2.944               0               0
          2.946               0               0
          2.948               0               0
           2.95               0               0
          2.952               0               0
          2.954               0               0
          2.956               0               0
          2.958               0               0
           2.96               0               0
          2.962               0               0
          2.964               0               0
          2.966               0               0
          2.968               0               0
           2.97               0               0
          2.972               0               0
          2.974               0               0
          2.976               0               0
          2.978               0               0
           2.98               0               0
          2.982               0               0
          2.984               0               0
          2.986               0               0
          2.988               0               0
           2.99               0               0
          2.992               0               0
          2.994               0               0
          2.996               0               0
          2.998               0               0
              3               0               0
          3.002               0               0
          3.004               0               0
          3.006               0               0
          3.008               0               0
           3.01               0               0
          3.012               0               0
          3.014               0               0
          3.016               0               0
          3.018               0               0
           3.02               0               0
          3.022               0               0
          3.024               0               0
          3.026               0               0
          3.028               0               0
           3.03               0               0
          3.032               0               0
          3.034               0               0
          3.036               0               0
          3.038               0               0
           3.04               0               0
          3.042               0               0
          3.044               0               0
          3.046               0               0
          3.048               0               0
           3.05               0               0
          3.052               0               0
          3.054               0               0
          3.056               0               0
          3.058               0               0
           3.06               0               0
          3.062               0               0
          3.064               0               0
          3.066               0               0
          3.068               0               0
           3.07               0               0
          3.072               0               0
          3.074               0               0
          3.076               0               0
          3.078               0               0
           3.08               0               0
          3.082               0               0
          3.084               0               0
          3.086               0               0
          3.088               0               0
           3.09               0               0
          3.092               0               0
          3.094               0               0
          3.096               0               0
          3.098               0               0
            3.1               0               0
          3.102               0               0
          3.104               0               0
          3.106               0               0
          3.108               0               0
           3.11               0               0
          3.112               0               0
          3.114               0               0
          3.116               0               0
          3.118               0               0
           3.12               0               0
          3.122               0               0
          3.124               0               0
          3.126               0               0
          3.128               0               0
           3.13               0               0
          3.132               0               0
          3.134               0               0
          3.136               0               0
          3.138               0               0
           3.14               0               0
          3.142               0               0
          3.144               0               0
          3.146               0               0
          3.148               0               0
           3.15               0               0
          3.152               0               0
          3.154               0               0
          3.156               0               0
          3.158               0               0
           3.16               0               0
          3.162               0               0
          3.164               0               0
          3.166               0               0
          3.168               0               0
           3.17               0               0
          3.172               0               0
          3.174               0               0
          3.176               0               0
          3.178               0               0
           3.18               0               0
          3.182               0               0
          3.184               0               0
          3.186               0               0
          3.188               0               0
           3.19               0               0
          3.192               0               0
          3.194               0               0
          3.196               0               0
          3.198               0               0
            3.2               0               0
          3.202               0               0
          3.204               0               0
          3.206               0               0
          3.208               0               0
           3.21               0               0
          3.212               0               0
          3.214               0               0
          3.216               0               0
          3.218               0               0
           3.22               0               0
          3.222               0               0
          3.224               0               0
          3.226               0               0
          3.228               0               0
           3.23               0               0
          3.232               0               0
          3.234               0               0
          3.236               0               0
          3.238               0               0
           3.24               0               0
          3.242               0               0
          3.244               0               0
          3.246               0               0
          3.248               0               0
           3.25               0               0
          3.252               0               0
          3.254               0               0
          3.256               0               0
          3.258               0               0
           3.26               0               0
          3.262               0               0
          3.264               0               0
          3.266               0               0
          3.268               0               0
           3.27               0               0
          3.272               0               0
          3.274               0               0
          3.276               0               0
          3.278               0               0
           3.28               0               0
          3.282               0               0
          3.284               0               0
          3.286               0               0
          3.288               0               0
           3.29               0               0
          3.292               0               0
          3.294               0               0
          3.296               0               0
          3.298               0               0
            3.3               0               0
          3.302               0               0
          3.304               0               0
          3.306               0               0
          3.308               0               0
           3.31               0               0
          3.312               0               0
          3.314               0               0
          3.316               0               0
          3.318               0               0
           3.32               0               0
          3.322               0               0
          3.324               0               0
          3.326               0               0
          3.328               0               0
           3.33               0               0
          3.332               0               0
          3.334               0               0
          3.336               0               0
          3.338               0               0
           3.34               0               0
          3.342               0               0
          3.344               0               0
          3.346               0               0
          3.348               0               0
           3.35               0               0
          3.352               0               0
          3.354               0               0
          3.356               0               0
          3.358               0               0
           3.36               0               0
          3.362               0               0
          3.364               0               0
          3.366               0               0
          3.368               0               0
           3.37               0               0
          3.372               0               0
          3.374               0               0
          3.376               0               0
          3.378               0               0
           3.38               0               0
          3.382               0               0
          3.384               0               0
          3.386               0               0
          3.388               0               0
           3.39               0               0
          3.392               0               0
          3.394               0               0
          3.396               0               0
          3.398               0               0
            3.4               0               0
          3.402               0               0
          3.404               0               0
          3.406               0               0
          3.408               0               0
           3.41               0               0
          3.412               0               0
          3.414               0               0
          3.416               0               0
          3.418               0               0
           3.42               0               0
          3.422               0               0
          3.424               0               0
          3.426               0               0
          3.428               0               0
           3.43               0               0
          3.432               0               0
          3.434               0               0
          3.436               0               0
          3.438               0               0
           3.44               0               0
          3.442               0               0
          3.444               0               0
          3.446               0               0
          3.448               0               0
           3.45               0               0
          3.452               0               0
          3.454               0               0
          3.456               0               0
          3.458               0               0
           3.46               0               0
          3.462               0               0
          3.464               0               0
          3.466               0               0
          3.468               0               0
           3.47               0               0
          3.472               0               0
          3.474               0               0
          3.476               0               0
          3.478               0               0
           3.48               0               0
          3.482               0               0
          3.484               0               0
          3.486               0               0
          3.488               0               0
           3.49               0               0
          3.492               0               0
          3.494               0               0
          3.496               0               0
          3.498               0               0
            3.5               0               0
